10 1 11040
10 2 44686
10 3 134572
10 4 294857
10 5 476952
10 6 609011
10 7 494311
10 8 478994
10 9 478297
10 10 477847
10 11 477973
10 12 479922
10 13 478372
10 14 478490
10 15 498032
10 16 479164
10 17 478608
10 18 478786
10 19 478388
10 20 478598
11 1 10259
11 2 53338
11 3 191719
11 4 477421
11 5 856324
11 6 1.19685e+06
11 7 1.39359e+06
11 8 889668
11 9 886178
11 10 881638
11 11 889325
11 12 917245
11 13 890053
11 14 881253
11 15 873119
11 16 887625
11 17 856923
11 18 1.04868e+06
11 19 858512
11 20 859584
12 1 11474
12 2 67010
12 3 266594
12 4 735009
12 5 1.96649e+06
12 6 2.27286e+06
12 7 3.05317e+06
12 8 3.17827e+06
12 9 2.31308e+06
12 10 2.25947e+06
12 11 2.27034e+06
12 12 2.34952e+06
12 13 2.30236e+06
12 14 2.2519e+06
12 15 2.26484e+06
12 16 2.32736e+06
12 17 2.2887e+06
12 18 2.2623e+06
12 19 2.34956e+06
12 20 2.2943e+06
13 1 13736
13 2 82992
13 3 367673
13 4 1.1053e+06
13 5 2.40528e+06
13 6 4.07656e+06
13 7 5.47041e+06
13 8 6.59515e+06
13 9 6.92935e+06
13 10 4.18919e+06
13 11 4.11415e+06
13 12 4.07221e+06
13 13 4.12975e+06
13 14 4.04814e+06
13 15 4.22807e+06
13 16 4.10536e+06
13 17 4.07811e+06
13 18 4.03663e+06
13 19 4.08236e+06
13 20 4.08388e+06
14 1 16290
14 2 101114
14 3 482752
14 4 1.60341e+06
14 5 3.83188e+06
14 6 7.08377e+06
14 7 1.03207e+07
14 8 1.30523e+07
14 9 1.52859e+07
14 10 1.54128e+07
14 11 1.04446e+07
14 12 1.05503e+07
14 13 1.04744e+07
14 14 1.04628e+07
14 15 1.03453e+07
14 16 1.03909e+07
14 17 1.03058e+07
14 18 1.04763e+07
14 19 1.02737e+07
14 20 1.0359e+07
15 1 16666
15 2 120664
15 3 617428
15 4 2.20748e+06
15 5 5.90389e+06
15 6 1.15009e+07
15 7 1.86543e+07
15 8 2.47671e+07
15 9 2.87735e+07
15 10 3.22557e+07
15 11 3.40434e+07
15 12 1.84459e+07
15 13 1.88684e+07
15 14 1.88771e+07
15 15 1.88884e+07
15 16 1.84902e+07
15 17 1.84601e+07
15 18 1.84831e+07
15 19 1.86414e+07
15 20 1.83734e+07
16 1 23306
16 2 145114
16 3 782766
16 4 2.99222e+06
16 5 8.5009e+06
16 6 1.84614e+07
16 7 3.21448e+07
16 8 4.57631e+07
16 9 5.67555e+07
16 10 6.39004e+07
16 11 6.71656e+07
16 12 5.08763e+07
16 13 4.58682e+07
16 14 4.57896e+07
16 15 4.58167e+07
16 16 4.66007e+07
16 17 4.60854e+07
16 18 4.64379e+07
16 19 4.61226e+07
16 20 4.64835e+07
17 1 21252
17 2 175033
17 3 1.04384e+06
17 4 4.10616e+06
17 5 1.24357e+07
17 6 2.88397e+07
17 7 5.42253e+07
17 8 8.2828e+07
17 9 1.09979e+08
17 10 1.26701e+08
17 11 1.38127e+08
17 12 1.42191e+08
17 13 8.26805e+07
17 14 8.3404e+07
17 15 8.23974e+07
17 16 8.23041e+07
17 17 8.19549e+07
17 18 8.226e+07
17 19 8.23971e+07
17 20 8.19959e+07
18 1 22828
18 2 197957
18 3 1.20534e+06
18 4 5.19615e+06
18 5 1.74543e+07
18 6 4.32716e+07
18 7 8.74332e+07
18 8 1.41826e+08
18 9 1.98933e+08
18 10 2.48089e+08
18 11 2.78941e+08
18 12 2.93436e+08
18 13 3.01539e+08
18 14 1.99305e+08
18 15 1.99695e+08
18 16 2.00013e+08
18 17 1.99732e+08
18 18 1.99382e+08
18 19 1.9957e+08
18 20 1.99954e+08
19 1 25494
19 2 232226
19 3 1.54306e+06
19 4 6.88506e+06
19 5 2.39666e+07
19 6 6.54388e+07
19 7 1.38744e+08
19 8 2.42609e+08
19 9 3.60696e+08
19 10 4.68856e+08
19 11 5.50383e+08
19 12 6.03289e+08
19 13 6.27629e+08
19 14 6.35707e+08
19 15 3.63393e+08
19 16 3.6124e+08
19 17 3.59677e+08
19 18 3.63924e+08
19 19 3.60665e+08
19 20 3.5988e+08
20 1 27954
20 2 267143
20 3 1.91121e+06
20 4 8.79159e+06
20 5 3.3202e+07
20 6 9.37408e+07
20 7 2.13313e+08
20 8 3.97812e+08
20 9 6.30583e+08
20 10 8.80482e+08
20 11 1.09175e+09
20 12 1.22933e+09
20 13 1.30546e+09
20 14 1.35506e+09
20 15 9.84276e+08
20 16 8.90347e+08
20 17 8.77454e+08
20 18 8.77083e+08
20 19 8.77298e+08
20 20 8.84459e+08
21 1 29825
21 2 301730
21 3 2.19062e+06
21 4 1.12161e+07
21 5 4.42466e+07
21 6 1.32473e+08
21 7 3.20757e+08
21 8 6.38503e+08
21 9 1.07992e+09
21 10 1.57758e+09
21 11 2.03334e+09
21 12 2.38099e+09
21 13 2.59815e+09
21 14 2.71044e+09
21 15 2.75138e+09
21 16 2.76519e+09
21 17 1.57219e+09
21 18 1.58053e+09
21 19 1.57533e+09
21 20 1.5758e+09
22 1 80774
22 2 342565
22 3 2.5649e+06
22 4 1.4289e+07
22 5 5.80386e+07
22 6 1.83377e+08
22 7 4.75115e+08
22 8 1.0076e+09
22 9 1.80551e+09
22 10 2.78664e+09
22 11 3.78547e+09
22 12 4.63131e+09
22 13 5.21808e+09
22 14 5.55996e+09
22 15 5.72019e+09
22 16 5.78048e+09
22 17 4.16233e+09
22 18 3.78956e+09
22 19 3.78426e+09
22 20 3.78357e+09
23 1 35093
23 2 388481
23 3 2.98292e+06
23 4 1.76649e+07
23 5 7.49678e+07
23 6 2.5434e+08
23 7 6.92809e+08
23 8 1.56281e+09
23 9 2.9614e+09
23 10 4.83524e+09
23 11 6.90662e+09
23 12 8.81868e+09
23 13 1.03016e+10
23 14 1.12545e+10
23 15 1.17785e+10
23 16 1.20074e+10
23 17 1.20979e+10
23 18 1.21194e+10
23 19 6.91076e+09
23 20 6.90443e+09
24 1 37836
24 2 435181
24 3 3.50724e+06
24 4 2.12304e+07
24 5 9.65943e+07
24 6 3.4375e+08
24 7 9.91764e+08
24 8 2.35718e+09
24 9 4.7232e+09
24 10 8.15157e+09
24 11 1.22733e+10
24 12 1.64499e+10
24 13 2.00205e+10
24 14 2.25823e+10
24 15 2.41921e+10
24 16 2.48419e+10
24 17 2.52813e+10
24 18 2.53059e+10
24 19 2.53723e+10
24 20 1.65449e+10
25 1 40592
25 2 489801
25 3 4.18334e+06
25 4 2.61884e+07
25 5 1.23666e+08
25 6 4.67458e+08
25 7 1.41356e+09
25 8 3.53525e+09
25 9 7.47084e+09
25 10 1.35337e+10
25 11 2.14189e+10
25 12 3.00425e+10
25 13 3.8057e+10
25 14 4.43873e+10
25 15 4.86112e+10
25 16 5.10183e+10
25 17 5.23811e+10
25 18 5.28162e+10
25 19 5.30478e+10
25 20 5.32877e+10
26 1 44740
26 2 550928
26 3 4.8666e+06
26 4 3.16938e+07
26 5 1.59637e+08
26 6 6.20543e+08
26 7 1.98463e+09
26 8 5.18357e+09
26 9 1.14653e+10
26 10 2.19254e+10
26 11 3.64077e+10
26 12 5.36414e+10
26 13 7.16558e+10
26 14 8.68292e+10
26 15 9.74496e+10
26 16 1.04392e+11
26 17 1.07326e+11
26 18 1.08665e+11
26 19 1.10357e+11
26 20 1.09945e+11
27 1 47899
27 2 633255
27 3 5.56645e+06
27 4 3.80644e+07
27 5 2.00404e+08
27 6 8.122e+08
27 7 2.76283e+09
27 8 7.57486e+09
27 9 1.75477e+10
27 10 3.5549e+10
27 11 6.15835e+10
27 12 9.55761e+10
27 13 1.3027e+11
27 14 1.63681e+11
27 15 1.90442e+11
27 16 2.08888e+11
27 17 2.19552e+11
27 18 2.24805e+11
27 19 2.28808e+11
27 20 2.30564e+11
28 1 51017
28 2 674319
28 3 6.44798e+06
28 4 4.56528e+07
28 5 2.46105e+08
28 6 1.04743e+09
28 7 3.66127e+09
28 8 1.0616e+10
28 9 2.60158e+10
28 10 5.47456e+10
28 11 1.01005e+11
28 12 1.6244e+11
28 13 2.32676e+11
28 14 3.04629e+11
28 15 3.67068e+11
28 16 4.13715e+11
28 17 4.43719e+11
28 18 4.60586e+11
28 19 4.6848e+11
28 20 4.71777e+11
29 1 53309
29 2 745445
29 3 7.49905e+06
29 4 5.46557e+07
29 5 3.00214e+08
29 6 1.35285e+09
29 7 4.92073e+09
29 8 1.48812e+10
29 9 3.81169e+10
29 10 8.39269e+10
29 11 1.60842e+11
29 12 2.71723e+11
29 13 4.09791e+11
29 14 5.58411e+11
29 15 6.97023e+11
29 16 8.09587e+11
29 17 8.89422e+11
29 18 9.48275e+11
29 19 9.77646e+11
29 20 9.8972e+11
