1 9.997e-06
11 6.4213e-05
21 0.000117336
31 0.000196266
41 0.000279853
51 0.000367078
61 0.000458522
71 0.000551041
81 0.000670443
91 0.00075118
101 0.00085287
111 0.000520669
121 0.000288731
131 0.00031551
141 0.00034283
151 0.000405593
161 0.000435165
171 0.000429215
181 0.000467605
191 0.000521047
201 0.000517254
211 0.000545593
221 0.000631294
231 0.00065329
241 0.000679855
251 0.000713406
261 0.000748454
271 0.000795954
281 0.000814123
291 0.000845127
301 0.000878223
311 0.000912924
321 0.000947753
331 0.00098566
341 0.00101861
351 0.00105493
361 0.00111375
371 0.00112352
381 0.00115824
391 0.00119614
401 0.00123304
411 0.00127601
421 0.00131752
431 0.0013848
441 0.00139522
451 0.00137276
461 0.00140166
471 0.00139409
481 0.00143159
491 0.00150359
501 0.00151413
511 0.00160295
521 0.00155994
531 0.00159748
541 0.0017711
551 0.00166868
561 0.00176616
571 0.00176562
581 0.00185663
591 0.00180658
601 0.00191806
611 0.00195303
621 0.00208951
631 0.00210145
641 0.00205719
651 0.00226043
661 0.00213592
671 0.00213171
681 0.00221064
691 0.00220996
701 0.00225307
711 0.0023064
721 0.00235308
731 0.00235954
741 0.00235658
751 0.00251143
761 0.00250725
771 0.00282835
781 0.00257158
791 0.00263065
801 0.00256878
811 0.00261682
821 0.00264753
831 0.00266545
841 0.00288243
851 0.0028137
861 0.00285681
871 0.00297605
881 0.00295332
891 0.00315026
901 0.00299497
911 0.00298324
921 0.0030556
931 0.00313677
941 0.0030742
951 0.00318098
961 0.0032987
971 0.00327934
981 0.0033575
991 0.00357614
1001 0.00350023
1011 0.00337899
1021 0.00349621
1031 0.00351925
1041 0.00351761
1051 0.00366712
1061 0.0035978
1071 0.00362725
1081 0.00376376
1091 0.00394186
1101 0.00374082
1111 0.00378824
1121 0.00386137
1131 0.00389382
1141 0.0039457
1151 0.00389078
1161 0.00399067
1171 0.00430399
1181 0.00412865
1191 0.00409704
1201 0.00419292
1211 0.00428796
1221 0.00448329
1231 0.00425376
1241 0.00433584
1251 0.00441018
1261 0.00440475
1271 0.00446616
1281 0.00458467
1291 0.00471428
1301 0.00451066
1311 0.00458455
1321 0.00464302
1331 0.00470572
1341 0.00472517
1351 0.00483134
1361 0.00498075
1371 0.00479875
1381 0.00489165
1391 0.00495301
1401 0.00499277
1411 0.00505045
1421 0.00529904
1431 0.0052786
1441 0.00515979
1451 0.00531714
1461 0.00535184
1471 0.0052688
1481 0.0053102
1491 0.00551008
1501 0.00532475
1511 0.00532027
1521 0.00565647
1531 0.00549255
1541 0.00546897
1551 0.00571975
1561 0.00560957
1571 0.00563511
1581 0.00573438
1591 0.00563575
1601 0.00567747
1611 0.00599722
1621 0.00579485
1631 0.00600125
1641 0.00618508
1651 0.00595903
1661 0.00612804
1671 0.00606934
1681 0.00619098
1691 0.00645917
1701 0.00609539
1711 0.00617807
1721 0.00623265
1731 0.0063773
1741 0.00659181
1751 0.00631749
1761 0.0063988
1771 0.00655383
1781 0.00650178
1791 0.00672987
1801 0.00663407
1811 0.00661917
1821 0.0068049
1831 0.00674434
1841 0.0068315
1851 0.00691448
1861 0.00686611
1871 0.00698608
1881 0.00684634
1891 0.00715715
1901 0.0069683
1911 0.00705608
1921 0.00735095
1931 0.00712416
1941 0.00723074
1951 0.00717139
1961 0.00754921
1971 0.0072075
1981 0.00747619
1991 0.00738048
2001 0.00754606
2011 0.00751454
2021 0.00761196
2031 0.00752618
2041 0.00769984
2051 0.00772084
2061 0.00764078
2071 0.00773264
2081 0.00777498
2091 0.00797725
2101 0.00779875
2111 0.00797466
2121 0.00801623
2131 0.00801443
2141 0.00800327
2151 0.00808654
2161 0.00810797
2171 0.00810072
2181 0.00823961
2191 0.00823276
2201 0.00856434
2211 0.00826278
2221 0.00832119
2231 0.00859008
2241 0.00846138
2251 0.00848212
2261 0.00846449
2271 0.00870575
2281 0.00860689
2291 0.00873527
2301 0.00879504
2311 0.00886444
2321 0.00873955
2331 0.00888311
2341 0.00885904
2351 0.00911487
2361 0.00894627
2371 0.00910138
2381 0.00899258
2391 0.00924871
2401 0.00919371
2411 0.00937281
2421 0.00925263
2431 0.0091387
2441 0.00959618
2451 0.00930387
2461 0.00943294
2471 0.00936151
2481 0.00966643
2491 0.00947151
2501 0.00959654
2511 0.00980259
2521 0.00957702
2531 0.00967322
2541 0.00985963
2551 0.00974771
2561 0.00989948
2571 0.00981383
2581 0.0100203
2591 0.00998011
2601 0.0101371
2611 0.010159
2621 0.0101064
2631 0.0103941
2641 0.0101668
2651 0.0102065
2661 0.0103955
2671 0.010249
2681 0.0103224
2691 0.0106178
2701 0.010382
2711 0.0104933
2721 0.010736
2731 0.0105719
2741 0.011031
2751 0.0107673
2761 0.0106357
2771 0.0108814
2781 0.0107746
2791 0.0109164
2801 0.0111153
2811 0.0108871
2821 0.0114101
2831 0.0119542
2841 0.0112946
2851 0.0113981
2861 0.0116162
2871 0.011438
2881 0.0115077
2891 0.0115602
2901 0.0115882
2911 0.011386
2921 0.0114863
2931 0.0115119
2941 0.0114575
2951 0.0115647
2961 0.0115702
2971 0.011568
2981 0.0116309
2991 0.0121516
3001 0.0118052
3011 0.0117704
3021 0.0120505
3031 0.0119741
3041 0.0120851
3051 0.0120441
3061 0.0122035
3071 0.0121958
3081 0.0120678
3091 0.0122474
3101 0.0123558
3111 0.012267
3121 0.0123033
3131 0.0124277
3141 0.0124576
3151 0.0125016
3161 0.0124298
3171 0.0125131
3181 0.0124559
3191 0.0127836
3201 0.0126242
3211 0.0125816
3221 0.0127981
3231 0.0127473
3241 0.0129584
3251 0.0129986
3261 0.0129171
3271 0.0130673
3281 0.0129866
3291 0.0129783
3301 0.0131264
3311 0.0135002
3321 0.0131846
3331 0.0132729
3341 0.0131725
3351 0.0131938
3361 0.013417
3371 0.0132887
3381 0.0136936
3391 0.0133748
3401 0.013414
3411 0.0135937
3421 0.013697
3431 0.0136193
3441 0.0136544
3451 0.013912
3461 0.013788
3471 0.0140064
3481 0.0138475
3491 0.0141102
3501 0.0138309
3511 0.0140243
3521 0.0140928
3531 0.0141923
3541 0.0141806
3551 0.0141258
3561 0.014269
3571 0.0142678
3581 0.0142831
3591 0.0144088
3601 0.0146438
3611 0.0145151
3621 0.0146987
3631 0.0145382
3641 0.0147447
3651 0.0146047
3661 0.0148023
3671 0.0147771
3681 0.0148033
3691 0.0149887
3701 0.0148455
3711 0.0149859
3721 0.0149431
3731 0.0150092
3741 0.0150098
3751 0.0153859
3761 0.015107
3771 0.0152944
3781 0.0151765
3791 0.0153065
3801 0.0153627
3811 0.0155938
3821 0.0154404
3831 0.0154277
3841 0.0156406
3851 0.0156998
3861 0.0156842
3871 0.0157201
3881 0.0157973
3891 0.0157229
3901 0.0158983
3911 0.0158457
3921 0.0158716
3931 0.0160387
3941 0.016054
3951 0.0160824
3961 0.0160803
3971 0.0162082
3981 0.0162488
3991 0.0161767
4001 0.0163812
4011 0.016345
4021 0.0164215
4031 0.0163891
4041 0.0165349
4051 0.0164665
4061 0.0164865
4071 0.0164868
4081 0.0166013
4091 0.0167713
4101 0.0168041
4111 0.0169036
4121 0.016616
4131 0.0169875
4141 0.0168057
4151 0.0168708
4161 0.0169126
4171 0.0169431
4181 0.0170193
4191 0.0171599
4201 0.0171758
4211 0.0172553
4221 0.0172755
4231 0.0172854
4241 0.017342
4251 0.0175819
4261 0.0175312
4271 0.0173557
4281 0.0175222
4291 0.0177879
4301 0.0175904
4311 0.0177913
4321 0.0176876
4331 0.017635
4341 0.0179689
4351 0.0177277
4361 0.017937
4371 0.0179075
4381 0.0181034
4391 0.0182726
4401 0.018268
4411 0.0182842
4421 0.0183561
4431 0.0181868
4441 0.0185737
4451 0.0181346
4461 0.0184032
4471 0.0183809
4481 0.0183851
4491 0.0183954
4501 0.0183865
4511 0.0186631
4521 0.0185686
4531 0.0186148
4541 0.0186396
4551 0.0188424
4561 0.0189627
4571 0.0187952
4581 0.019042
4591 0.0189805
4601 0.0187899
4611 0.0190774
4621 0.0191336
4631 0.0191308
4641 0.0191186
4651 0.0192259
4661 0.0194549
4671 0.0193843
4681 0.019196
4691 0.0194811
4701 0.019331
4711 0.0196622
4721 0.0196378
4731 0.0194275
4741 0.0196246
4751 0.0195617
4761 0.019836
4771 0.0198545
4781 0.0200239
4791 0.019739
4801 0.0199976
4811 0.0199513
4821 0.0199928
4831 0.0202812
4841 0.0201028
4851 0.0201659
4861 0.0200869
4871 0.0205198
4881 0.0202428
4891 0.0203417
4901 0.0204404
4911 0.0204619
4921 0.0208242
4931 0.0205095
4941 0.0205901
4951 0.0204789
4961 0.0207518
4971 0.0206912
4981 0.020613
4991 0.0207628
5001 0.0207793
5011 0.0209031
5021 0.0208338
5031 0.0208527
5041 0.0210155
5051 0.0209931
5061 0.0210794
5071 0.0213453
5081 0.0214215
5091 0.0211002
5101 0.0214266
5111 0.021573
5121 0.0213709
5131 0.0214061
5141 0.0215508
5151 0.0218346
5161 0.0215094
5171 0.0216736
5181 0.0216675
5191 0.0216122
5201 0.0217313
5211 0.022114
5221 0.0219375
5231 0.0219545
5241 0.0220862
5251 0.0221511
5261 0.0219852
5271 0.0223039
5281 0.0222783
5291 0.0222785
5301 0.0222521
5311 0.0222994
5321 0.0221863
5331 0.0225966
5341 0.0224453
5351 0.0225742
5361 0.0226008
5371 0.0225418
5381 0.0225719
5391 0.0227555
5401 0.0226953
5411 0.0229564
5421 0.0229284
5431 0.0229061
5441 0.0229803
5451 0.0227952
5461 0.0230346
5471 0.0231561
5481 0.0231852
5491 0.0232438
5501 0.0230652
5511 0.0232954
5521 0.0234953
5531 0.0231401
5541 0.0234652
5551 0.0234784
5561 0.0233923
5571 0.0235628
5581 0.0235348
5591 0.0237
5601 0.02386
5611 0.0236556
5621 0.0239241
5631 0.0238652
5641 0.0238877
5651 0.0238231
5661 0.0246376
5671 0.0244311
5681 0.0247266
5691 0.0246994
5701 0.0247806
5711 0.0246518
5721 0.0249481
5731 0.0250031
5741 0.0251895
5751 0.0249131
5761 0.0251505
5771 0.0248662
5781 0.0250578
5791 0.0251744
5801 0.0254226
5811 0.0254961
5821 0.0248442
5831 0.0246073
5841 0.0247778
5851 0.0247624
5861 0.0249932
5871 0.0248356
5881 0.0249661
5891 0.0250578
5901 0.0251332
5911 0.0250703
5921 0.0251604
5931 0.0251371
5941 0.0252515
5951 0.0251689
5961 0.025452
5971 0.0256145
5981 0.0254615
5991 0.0254227
6001 0.0255152
6011 0.0259192
6021 0.0257789
6031 0.0255927
6041 0.0258598
6051 0.0257932
6061 0.0256537
6071 0.0260008
6081 0.0260145
6091 0.025921
6101 0.0259175
6111 0.0260144
6121 0.0261568
6131 0.0261449
6141 0.0262287
6151 0.0262025
6161 0.0264648
6171 0.026247
6181 0.0263374
6191 0.0264924
6201 0.0265471
6211 0.0266605
6221 0.0267228
6231 0.0266797
6241 0.0267409
6251 0.0267103
6261 0.0269702
6271 0.0268195
6281 0.0269329
6291 0.026959
6301 0.0270415
6311 0.0271541
6321 0.0268285
6331 0.0271424
6341 0.0273204
6351 0.0269772
6361 0.0270984
6371 0.027288
6381 0.0273043
6391 0.0273195
6401 0.0274648
6411 0.0276562
6421 0.0276373
6431 0.0275889
6441 0.0274463
6451 0.0276772
6461 0.027702
6471 0.0276737
6481 0.0278756
6491 0.0279851
6501 0.027925
6511 0.027995
6521 0.0279875
6531 0.0279072
6541 0.0281509
6551 0.0282142
6561 0.0281259
6571 0.0284047
6581 0.028318
6591 0.0281944
6601 0.0285249
6611 0.0284647
6621 0.0283718
6631 0.0285479
6641 0.0287067
6651 0.0287069
6661 0.0286818
6671 0.0287854
6681 0.0289178
6691 0.028926
6701 0.0289212
6711 0.0291409
6721 0.0291148
6731 0.0291071
6741 0.0293373
6751 0.0290117
6761 0.0291356
6771 0.0291783
6781 0.0290923
6791 0.0292323
6801 0.0293286
6811 0.0296511
6821 0.0295761
6831 0.0299391
6841 0.0299853
6851 0.0297022
6861 0.0297276
6871 0.029687
6881 0.0297077
6891 0.030032
6901 0.0301142
6911 0.0300903
6921 0.0299375
6931 0.0300456
6941 0.0301731
6951 0.0301386
6961 0.0301008
6971 0.0303463
6981 0.0302969
6991 0.0304733
7001 0.0302778
7011 0.0304792
7021 0.0305044
7031 0.0304367
7041 0.030486
7051 0.0306317
7061 0.0304795
7071 0.0308482
7081 0.0307895
7091 0.0307709
7101 0.0307735
7111 0.0307591
7121 0.0306859
7131 0.0310425
7141 0.0312153
7151 0.0314847
7161 0.0315316
7171 0.0315069
7181 0.0313329
7191 0.0323587
7201 0.0315064
7211 0.0315343
7221 0.0316346
7231 0.0317182
7241 0.0315616
7251 0.0315772
7261 0.0314729
7271 0.0316617
7281 0.0317674
7291 0.0317045
7301 0.0318471
7311 0.0316268
7321 0.0319157
7331 0.0320464
7341 0.0319281
7351 0.0320934
7361 0.0319613
7371 0.0318727
7381 0.0323633
7391 0.0324363
7401 0.0323274
7411 0.0324382
7421 0.0323039
7431 0.0323744
7441 0.0325247
7451 0.032468
7461 0.0326677
7471 0.0330644
7481 0.032857
7491 0.0328941
7501 0.0327753
7511 0.0329524
7521 0.0329305
7531 0.033106
7541 0.0333159
7551 0.0329792
7561 0.0330139
7571 0.0329526
7581 0.0331786
7591 0.0330795
7601 0.0332706
7611 0.0331936
7621 0.033377
7631 0.0336803
7641 0.0333696
7651 0.0336358
7661 0.0334372
7671 0.0336687
7681 0.0335638
7691 0.0338497
7701 0.0337069
7711 0.0337
7721 0.0334841
7731 0.0340684
7741 0.0338628
7751 0.0339563
7761 0.0341331
7771 0.034656
7781 0.0348146
7791 0.0341881
7801 0.0341718
7811 0.0344116
7821 0.0342679
7831 0.0346893
7841 0.0345694
7851 0.0341381
7861 0.0345718
7871 0.0344534
7881 0.0347559
7891 0.0346569
7901 0.0344669
7911 0.0345228
7921 0.0348578
7931 0.0349902
7941 0.0349027
7951 0.035077
7961 0.0353078
7971 0.0349625
7981 0.0352831
7991 0.0350487
8001 0.0352444
8011 0.0351663
8021 0.0350267
8031 0.0352682
8041 0.0356112
8051 0.0355064
8061 0.0361734
8071 0.0359894
8081 0.0354487
8091 0.0356581
8101 0.0358955
8111 0.035734
8121 0.0357058
8131 0.0358975
8141 0.0360173
8151 0.0363732
8161 0.0359621
8171 0.0363805
8181 0.0359634
8191 0.0362415
8201 0.0361445
8211 0.0361528
8221 0.0362425
8231 0.0363508
8241 0.036791
8251 0.0364139
8261 0.0365176
8271 0.0365649
8281 0.0366094
8291 0.0367309
8301 0.0366487
8311 0.0366883
8321 0.0367765
8331 0.0366975
8341 0.0369968
8351 0.0368279
8361 0.0367994
8371 0.0369696
8381 0.0369188
8391 0.037456
8401 0.0378174
8411 0.0371723
8421 0.0373069
8431 0.0373498
8441 0.0374242
8451 0.0373604
8461 0.0373987
8471 0.0373632
8481 0.0376797
8491 0.0376972
8501 0.0379276
8511 0.0376533
8521 0.037599
8531 0.0382419
8541 0.0379927
8551 0.0378123
8561 0.0379504
8571 0.0380527
8581 0.0381202
8591 0.0378931
8601 0.038001
8611 0.0383796
8621 0.0381399
8631 0.0384556
8641 0.0385673
8651 0.0383961
8661 0.0384772
8671 0.0386327
8681 0.0385735
8691 0.0383267
8701 0.038488
8711 0.0385727
8721 0.0384481
8731 0.0389374
8741 0.0386471
8751 0.0388876
8761 0.0389186
8771 0.0389964
8781 0.0391392
8791 0.0391064
8801 0.0393516
8811 0.0391353
8821 0.0393653
8831 0.0391549
8841 0.0393157
8851 0.039509
8861 0.0395247
8871 0.0394303
8881 0.0393242
8891 0.0393166
8901 0.0398875
8911 0.0395274
8921 0.0395143
8931 0.0401036
8941 0.0396683
8951 0.0397436
8961 0.0400054
8971 0.0398906
8981 0.0400468
8991 0.0400139
9001 0.0399923
9011 0.040403
9021 0.0399233
9031 0.0402969
9041 0.0402952
9051 0.0402018
9061 0.0402255
9071 0.0402359
9081 0.040871
9091 0.0406388
9101 0.0407301
9111 0.0404605
9121 0.0406024
9131 0.0409196
9141 0.0409411
9151 0.0409045
9161 0.0409155
9171 0.0412228
9181 0.0410636
9191 0.040939
9201 0.0410991
9211 0.0413278
9221 0.0410776
9231 0.0412979
9241 0.0412401
9251 0.0414444
9261 0.041375
9271 0.041934
9281 0.0424808
9291 0.0415
9301 0.0416675
9311 0.0417405
9321 0.0416609
9331 0.0417227
9341 0.041937
9351 0.0417905
9361 0.0417441
9371 0.041942
9381 0.0418991
9391 0.0419186
9401 0.0421123
9411 0.0420969
9421 0.0420245
9431 0.0423878
9441 0.0423606
9451 0.0424094
9461 0.0422749
9471 0.0427872
9481 0.0425604
9491 0.0425226
9501 0.0426241
9511 0.042787
9521 0.0430113
9531 0.0425507
9541 0.0429498
9551 0.0427485
9561 0.0427848
9571 0.0431706
9581 0.0429567
9591 0.043015
9601 0.0428208
9611 0.0433121
9621 0.0430609
9631 0.0430531
9641 0.0433111
9651 0.0430512
9661 0.0435018
9671 0.0434443
9681 0.0436064
9691 0.0434614
9701 0.0435629
9711 0.0437166
9721 0.0436147
9731 0.0435112
9741 0.0434895
9751 0.0438483
9761 0.0439737
9771 0.0440956
9781 0.0439408
9791 0.0440645
9801 0.044134
9811 0.0439033
9821 0.0443937
9831 0.0443311
9841 0.0442953
9851 0.0444062
9861 0.0443992
9871 0.0446627
9881 0.0443988
9891 0.0445659
9901 0.044394
9911 0.0448664
9921 0.044571
9931 0.0444582
9941 0.0447992
9951 0.0447495
9961 0.0445446
9971 0.0451205
9981 0.0451324
9991 0.0450806
