1 6.22e-07
11 2.014e-06
21 3.664e-06
31 5.128e-06
41 6.675e-06
51 8.213e-06
61 9.861e-06
71 1.1447e-05
81 1.3028e-05
91 1.4536e-05
101 1.6173e-05
111 1.7719e-05
121 1.9365e-05
131 2.0886e-05
141 2.2491e-05
151 2.4052e-05
161 2.5636e-05
171 2.7214e-05
181 2.886e-05
191 3.0417e-05
201 3.1975e-05
211 3.3574e-05
221 3.5131e-05
231 3.6717e-05
241 3.8309e-05
251 3.9851e-05
261 4.1425e-05
271 4.3024e-05
281 4.4618e-05
291 4.617e-05
301 4.7786e-05
311 4.9367e-05
321 5.0938e-05
331 5.2527e-05
341 5.4136e-05
351 5.5683e-05
361 5.724e-05
371 5.8837e-05
381 6.0415e-05
391 6.2027e-05
401 6.3676e-05
411 6.5159e-05
421 8.2474e-05
431 6.8359e-05
441 6.9959e-05
451 7.1508e-05
461 7.3083e-05
471 7.4658e-05
481 7.6307e-05
491 7.7823e-05
501 7.9428e-05
511 8.0976e-05
521 8.2587e-05
531 2.227e-05
541 2.2723e-05
551 2.3099e-05
561 2.3556e-05
571 2.3954e-05
581 2.4383e-05
591 2.4799e-05
601 2.5204e-05
611 2.5646e-05
621 2.6116e-05
631 2.6474e-05
641 2.688e-05
651 2.7311e-05
661 2.7774e-05
671 2.8154e-05
681 2.856e-05
691 2.8979e-05
701 2.9415e-05
711 2.9813e-05
721 3.0237e-05
731 3.0694e-05
741 3.1085e-05
751 3.1522e-05
761 3.1928e-05
771 3.2324e-05
781 3.2767e-05
791 5.1156e-05
801 3.4598e-05
811 5.0235e-05
821 3.4425e-05
831 3.4831e-05
841 3.5286e-05
851 3.5699e-05
861 3.6099e-05
871 3.6509e-05
881 3.6942e-05
891 3.7355e-05
901 3.7749e-05
911 4.2217e-05
921 4.2516e-05
931 4.2977e-05
941 4.3338e-05
951 4.3772e-05
961 4.4271e-05
971 4.5337e-05
981 4.5288e-05
991 4.5574e-05
1001 4.6005e-05
1011 4.6486e-05
1021 4.7113e-05
1031 4.7715e-05
1041 4.788e-05
1051 4.832e-05
1061 4.9193e-05
1071 4.9335e-05
1081 4.9729e-05
1091 5.0501e-05
1101 5.1397e-05
1111 5.6216e-05
1121 5.1909e-05
1131 5.3075e-05
1141 5.3351e-05
1151 5.3524e-05
1161 8.285e-05
1171 6.0175e-05
1181 6.0651e-05
1191 6.1492e-05
1201 6.1495e-05
1211 6.1964e-05
1221 6.2642e-05
1231 6.2884e-05
1241 6.3524e-05
1251 6.3783e-05
1261 6.4482e-05
1271 6.5043e-05
1281 6.6073e-05
1291 6.6568e-05
1301 6.6304e-05
1311 6.6825e-05
1321 6.7252e-05
1331 6.7886e-05
1341 6.9033e-05
1351 6.9349e-05
1361 6.9342e-05
1371 6.9779e-05
1381 7.1709e-05
1391 7.1257e-05
1401 7.1551e-05
1411 7.2732e-05
1421 7.2799e-05
1431 7.5609e-05
1441 7.4804e-05
1451 7.4808e-05
1461 7.5868e-05
1471 8.1176e-05
1481 7.8205e-05
1491 7.7249e-05
1501 7.8493e-05
1511 7.8093e-05
1521 8.0445e-05
1531 7.9166e-05
1541 8.0027e-05
1551 8.0233e-05
1561 8.0565e-05
1571 8.1325e-05
1581 8.044e-05
1591 8.0978e-05
1601 8.156e-05
1611 8.2043e-05
1621 8.2534e-05
1631 8.3045e-05
1641 8.3546e-05
1651 8.4043e-05
1661 8.4622e-05
1671 8.5059e-05
1681 8.561e-05
1691 8.6118e-05
1701 8.66e-05
1711 8.711e-05
1721 8.7618e-05
1731 8.812e-05
1741 8.8576e-05
1751 8.9149e-05
1761 8.9649e-05
1771 9.0144e-05
1781 9.0639e-05
1791 9.1158e-05
1801 9.1636e-05
1811 9.2225e-05
1821 9.2686e-05
1831 9.3196e-05
1841 9.3711e-05
1851 9.4216e-05
1861 9.4723e-05
1871 9.5231e-05
1881 9.5731e-05
1891 9.6233e-05
1901 9.6964e-05
1911 9.7255e-05
1921 9.7766e-05
1931 9.8289e-05
1941 9.8811e-05
1951 9.9306e-05
1961 0.000102913
1971 0.000100252
1981 0.000100775
1991 0.000101347
2001 0.000101919
2011 0.000102356
2021 0.000102856
2031 0.000103432
2041 0.000103857
2051 0.000104372
2061 0.000104903
2071 0.000105377
2081 0.000105898
2091 0.000106416
2101 0.000106898
2111 0.000107419
2121 0.000107952
2131 0.000108456
2141 0.00010895
2151 0.000109446
2161 0.000109987
2171 0.0001105
2181 0.000110962
2191 0.000111504
2201 0.000111988
2211 0.000112502
2221 0.000113001
2231 0.000113514
2241 0.000114021
2251 0.000114522
2261 0.000115046
2271 0.000115586
2281 0.000116056
2291 0.000119203
2301 0.000117418
2311 0.000118996
2321 0.00011867
2331 0.000119013
2341 0.00011947
2351 0.000119945
2361 0.000120374
2371 0.000120747
2381 0.000121237
2391 0.000121737
2401 0.000122159
2411 0.000122689
2421 0.000123193
2431 0.000124032
2441 0.000124985
2451 0.000124737
2461 0.000125371
2471 0.000125731
2481 0.000126206
2491 0.000126699
2501 0.000127259
2511 0.000127763
2521 0.00012827
2531 0.000128773
2541 0.00012929
2551 0.000129792
2561 0.00013026
2571 0.00013087
2581 0.00013526
2591 0.000131902
2601 0.000132335
2611 0.000132851
2621 0.000133347
2631 0.000133851
2641 0.000135039
2651 0.000135419
2661 0.00013617
2671 0.000150837
2681 0.000115884
2691 0.000116467
2701 0.000116807
2711 0.000117264
2721 0.000117498
2731 0.00013402
2741 0.000114777
2751 0.000115198
2761 0.000115627
2771 0.00011604
2781 0.000116466
2791 0.000116889
2801 0.000117347
2811 0.000117758
2821 0.000118157
2831 0.000118566
2841 0.000118974
2851 0.000119393
2861 0.000119827
2871 0.000143203
2881 0.000120656
2891 0.000121071
2901 0.000121498
2911 0.000121929
2921 0.000122334
2931 0.000122741
2941 0.000123168
2951 0.000123612
2961 0.000124051
2971 0.000124459
2981 0.000124874
2991 0.00012527
3001 0.000125682
3011 0.000126101
3021 0.000126517
3031 0.00012694
3041 0.000127362
3051 0.000127778
3061 0.000128192
3071 0.000128679
3081 0.000129037
3091 0.00012945
3101 0.000129873
3111 0.000130292
3121 0.000130747
3131 0.000131122
3141 0.00013155
3151 0.000131958
3161 0.000149914
3171 0.000132809
3181 0.000133224
3191 0.000133648
3201 0.000134048
3211 0.000134527
3221 0.000152577
3231 0.000152253
3241 0.00014916
3251 0.000136155
3261 0.000136581
3271 0.000136978
3281 0.000137395
3291 0.000190269
3301 0.000191196
3311 0.000192066
3321 0.000140389
3331 0.000179856
3341 0.000179029
3351 0.000195153
3361 0.000155675
3371 0.000156041
3381 0.000156528
3391 0.00014349
3401 0.000143545
3411 0.000143916
3421 0.000252067
3431 0.000170684
3441 0.000162623
3451 0.000208421
3461 0.000199738
3471 0.000164536
3481 0.000148673
3491 0.000150057
3501 0.00015186
3511 0.000204126
3521 0.000164237
3531 0.0001932
3541 0.000216864
3551 0.000162328
3561 0.000162919
3571 0.000163024
3581 0.000167338
3591 0.000150424
3601 0.000168336
3611 0.000165017
3621 0.0001991
3631 0.000152133
3641 0.00022031
3651 0.00018854
3661 0.000186064
3671 0.000186508
3681 0.000158842
3691 0.000174204
3701 0.000188339
3711 0.000188321
3721 0.000188559
3731 0.000190934
3741 0.000172974
3751 0.000157145
3761 0.00015758
3771 0.000157975
3781 0.000175787
3791 0.000193574
3801 0.000192226
3811 0.000194538
3821 0.000195718
3831 0.000194971
3841 0.000184234
3851 0.000194152
3861 0.000179281
3871 0.000180687
3881 0.000162569
3891 0.000162975
3901 0.000163417
3911 0.000163819
3921 0.000164231
3931 0.000164658
3941 0.000165062
3951 0.000165496
3961 0.00018345
3971 0.000201231
3981 0.000184358
3991 0.000167202
4001 0.00016763
4011 0.000168005
4021 0.000203406
4031 0.000168897
4041 0.000169302
4051 0.000169695
4061 0.000187586
4071 0.000170512
4081 0.000170961
4091 0.000171348
4101 0.000171769
4111 0.000172211
4121 0.000225379
4131 0.000191073
4141 0.00019147
4151 0.000191647
4161 0.000180357
4171 0.000180502
4181 0.000210774
4191 0.000227586
4201 0.000263571
4211 0.000212785
4221 0.000200988
4231 0.000197459
4241 0.000206301
4251 0.00021374
4261 0.000212769
4271 0.000179009
4281 0.000179302
4291 0.000179882
4301 0.000180161
4311 0.000180598
4321 0.000181062
4331 0.000181424
4341 0.00018184
4351 0.000182251
4361 0.00020024
4371 0.000183191
4381 0.000183527
4391 0.000183947
4401 0.000184362
4411 0.000184781
4421 0.000185172
4431 0.000185602
4441 0.000223457
4451 0.000229433
4461 0.000204623
4471 0.000222039
4481 0.000222987
4491 0.000205541
4501 0.000223525
4511 0.000223535
4521 0.00022488
4531 0.000207322
4541 0.0001902
4551 0.00019073
4561 0.000191038
4571 0.000191564
4581 0.000191876
4591 0.000192449
4601 0.000192832
4611 0.000195228
4621 0.000245449
4631 0.000210468
4641 0.000194451
4651 0.000194805
4661 0.000237427
4671 0.000195706
4681 0.000196054
4691 0.000196482
4701 0.000196913
4711 0.0001973
4721 0.000197735
4731 0.000198132
4741 0.000233066
4751 0.000198995
4761 0.000232847
4771 0.000200117
4781 0.000200304
4791 0.000200665
4801 0.000201072
4811 0.000223207
4821 0.000223591
4831 0.000219783
4841 0.000220883
4851 0.000203488
4861 0.000203602
4871 0.000204014
4881 0.000204413
4891 0.000219455
4901 0.000247819
4911 0.00020582
4921 0.000206383
4931 0.000206833
4941 0.000207925
4951 0.000243124
4961 0.000244762
4971 0.000242837
4981 0.000234602
4991 0.000243584
5001 0.000244433
5011 0.000245252
5021 0.000279684
5031 0.000230581
5041 0.000247393
5051 0.000247688
5061 0.000213913
5071 0.000214481
5081 0.000214431
5091 0.000214656
5101 0.00021483
5111 0.000216098
5121 0.000216668
5131 0.000215454
5141 0.000255618
5151 0.000221387
5161 0.000224415
5171 0.00022307
5181 0.000222147
5191 0.000218399
5201 0.000252989
5211 0.000218291
5221 0.00021871
5231 0.000219112
5241 0.000219536
5251 0.000219965
5261 0.000220384
5271 0.000220928
5281 0.000221173
5291 0.000221589
5301 0.000222012
5311 0.000262312
5321 0.00022291
5331 0.000223286
5341 0.000223701
5351 0.000224123
5361 0.000267498
5371 0.000260163
5381 0.000261217
5391 0.000261453
5401 0.000260902
5411 0.000261218
5421 0.000260519
5431 0.000263948
5441 0.000263059
5451 0.000263781
5461 0.00028411
5471 0.000245779
5481 0.000229597
5491 0.000230029
5501 0.000230379
5511 0.000230987
5521 0.000231264
5531 0.000231691
5541 0.000232151
5551 0.000250717
5561 0.000321437
5571 0.00033006
5581 0.000255039
5591 0.000279555
5601 0.000238013
5611 0.00026237
5621 0.000289943
5631 0.000312133
5641 0.000253631
5651 0.000236682
5661 0.000237095
5671 0.00023763
5681 0.000237981
5691 0.000238393
5701 0.000238785
5711 0.000239209
5721 0.000239648
5731 0.000283034
5741 0.000240437
5751 0.000240883
5761 0.00024127
5771 0.000278704
5781 0.000242103
5791 0.000242523
5801 0.000242957
5811 0.000243377
5821 0.0002438
5831 0.000244218
5841 0.000244631
5851 0.000245041
5861 0.000245465
5871 0.000245907
5881 0.00024635
5891 0.000246756
5901 0.000247185
5911 0.000247603
5921 0.000283664
5931 0.000261104
5941 0.000282217
5951 0.000249256
5961 0.000249679
5971 0.000250099
5981 0.000250519
5991 0.000250945
6001 0.000251408
6011 0.000251789
6021 0.0002522
6031 0.000252606
6041 0.000253032
6051 0.000253455
6061 0.0002739
6071 0.000278191
6081 0.000254671
6091 0.00025508
6101 0.000256066
6111 0.000255981
6121 0.000256346
6131 0.000257243
6141 0.000257842
6151 0.000260228
6161 0.000258149
6171 0.000258434
6181 0.000259241
6191 0.00026007
6201 0.000260695
6211 0.000322187
6221 0.000283426
6231 0.000304984
6241 0.000296545
6251 0.000297079
6261 0.000307262
6271 0.000264165
6281 0.000264739
6291 0.000265494
6301 0.000265738
6311 0.000266416
6321 0.000274835
6331 0.000271516
6341 0.000273485
6351 0.000310169
6361 0.00026648
6371 0.000267006
6381 0.000301784
6391 0.000267686
6401 0.000268094
6411 0.000268541
6421 0.000268939
6431 0.000269338
6441 0.000269787
6451 0.000270234
6461 0.000270603
6471 0.000271017
6481 0.000271469
6491 0.000291383
6501 0.000306043
6511 0.000272692
6521 0.000273108
6531 0.000273532
6541 0.000273972
6551 0.000274402
6561 0.000274815
6571 0.000275231
6581 0.000275636
6591 0.000276042
6601 0.000276479
6611 0.000276978
6621 0.000277256
6631 0.000313426
6641 0.000278117
6651 0.000278678
6661 0.00027893
6671 0.000279387
6681 0.000279819
6691 0.00028028
6701 0.000280702
6711 0.000281027
6721 0.000281482
6731 0.000281926
6741 0.00028234
6751 0.00028376
6761 0.000319926
6771 0.000430246
6781 0.000287797
6791 0.000288339
6801 0.000331619
6811 0.00028983
6821 0.000287045
6831 0.000286461
6841 0.000286627
6851 0.000286936
6861 0.000287346
6871 0.000287763
6881 0.000288242
6891 0.000292793
6901 0.000323671
6911 0.000289446
6921 0.000289863
6931 0.000290355
6941 0.000290718
6951 0.000291184
6961 0.000291497
6971 0.000291916
6981 0.000292339
6991 0.00029275
7001 0.000336018
7011 0.000293603
7021 0.000294012
7031 0.000338621
7041 0.000294901
7051 0.000295273
7061 0.000295691
7071 0.000296106
7081 0.000296539
7091 0.000296938
7101 0.000297375
7111 0.000297763
7121 0.000298209
7131 0.000298631
7141 0.000299028
7151 0.000318115
7161 0.000316804
7171 0.000300276
7181 0.000300727
7191 0.000379436
7201 0.000318957
7211 0.000302051
7221 0.00030239
7231 0.000303302
7241 0.000304313
7251 0.000304649
7261 0.000324073
7271 0.000382742
7281 0.000324422
7291 0.000309198
7301 0.000308405
7311 0.000308773
7321 0.00030945
7331 0.000309102
7341 0.000310669
7351 0.000311175
7361 0.00031008
7371 0.000320309
7381 0.000318045
7391 0.000321784
7401 0.000338208
7411 0.000310494
7421 0.000311027
7431 0.000311204
7441 0.000311624
7451 0.00031206
7461 0.000312458
7471 0.000312867
7481 0.00031327
7491 0.00035412
7501 0.000347032
7511 0.000352586
7521 0.000357021
7531 0.000315409
7541 0.000315824
7551 0.000316239
7561 0.000316647
7571 0.000317041
7581 0.000317457
7591 0.000330297
7601 0.000318296
7611 0.000318728
7621 0.000319136
7631 0.000319546
7641 0.000358327
7651 0.000320388
7661 0.00032083
7671 0.000338938
7681 0.000321686
7691 0.000322108
7701 0.000322515
7711 0.000322946
7721 0.000359595
7731 0.000323796
7741 0.000324197
7751 0.0003471
7761 0.000341733
7771 0.00032546
7781 0.000326006
7791 0.000362446
7801 0.000436813
7811 0.000368343
7821 0.000332663
7831 0.000331577
7841 0.000336236
7851 0.000329028
7861 0.000352927
7871 0.000345781
7881 0.000364321
7891 0.000330463
7901 0.000330903
7911 0.000331304
7921 0.000331804
7931 0.000332166
7941 0.000332556
7951 0.000332972
7961 0.000333443
7971 0.000333822
7981 0.000372649
7991 0.000334624
8001 0.00033507
8011 0.000335495
8021 0.000335918
8031 0.000336313
8041 0.000336744
8051 0.000337182
8061 0.000337604
8071 0.000372814
8081 0.000338418
8091 0.000375775
8101 0.000339234
8111 0.000339626
8121 0.000340075
8131 0.000341183
8141 0.000340899
8151 0.000341388
8161 0.000377989
8171 0.000361053
8181 0.000361084
8191 0.000388175
8201 0.000384579
8211 0.000347762
8221 0.000346445
8231 0.000346913
8241 0.000347119
8251 0.000362892
8261 0.000382163
8271 0.000354027
8281 0.00035791
8291 0.000355424
8301 0.000350281
8311 0.000436374
8321 0.000445838
8331 0.000354423
8341 0.000353867
8351 0.000354321
8361 0.000352485
8371 0.000350655
8381 0.000350958
8391 0.000351377
8401 0.000351852
8411 0.000390802
8421 0.000352642
8431 0.000353057
8441 0.00035348
8451 0.000387323
8461 0.000354324
8471 0.000354741
8481 0.000355169
8491 0.000355571
8501 0.000356022
8511 0.000356416
8521 0.000393206
8531 0.000357257
8541 0.000357766
8551 0.000358112
8561 0.00035851
8571 0.000358931
8581 0.000359343
8591 0.000359781
8601 0.000401337
8611 0.000360587
8621 0.000361006
8631 0.000398334
8641 0.000361888
8651 0.000362281
8661 0.00036272
8671 0.000363101
8681 0.000363541
8691 0.000363985
8701 0.00036436
8711 0.000364798
8721 0.00036522
8731 0.000401646
8741 0.000366017
8751 0.000367496
8761 0.000366918
8771 0.000367309
8781 0.000367705
8791 0.000368155
8801 0.000368586
8811 0.000369007
8821 0.000369427
8831 0.00036981
8841 0.000408544
8851 0.000370648
8861 0.000371079
8871 0.000371509
8881 0.000371923
8891 0.000372339
8901 0.000372753
8911 0.00037317
8921 0.000407351
8931 0.00037443
8941 0.000456832
8951 0.000374897
8961 0.000375239
8971 0.000376124
8981 0.000376911
8991 0.000376538
9001 0.000377277
9011 0.00037811
9021 0.000379549
9031 0.000398836
9041 0.000421781
9051 0.000381134
9061 0.000383097
9071 0.000382504
9081 0.000383163
9091 0.000382815
9101 0.000389154
9111 0.000461447
9121 0.000512744
9131 0.000387697
9141 0.00039135
9151 0.000388789
9161 0.000389037
9171 0.000426921
9181 0.000384444
9191 0.000384864
9201 0.00038534
9211 0.000385719
9221 0.000386121
9231 0.000387115
9241 0.000462259
9251 0.0003874
9261 0.000387795
9271 0.000388204
9281 0.000388628
9291 0.00038904
9301 0.000389467
9311 0.000389881
9321 0.00039032
9331 0.000426675
9341 0.000391167
9351 0.00039156
9361 0.00039201
9371 0.000392395
9381 0.000392844
9391 0.000393221
9401 0.000393649
9411 0.00039407
9421 0.000406638
9431 0.00043475
9441 0.000395638
9451 0.0003958
9461 0.000396184
9471 0.000396623
9481 0.000397049
9491 0.000397441
9501 0.000397872
9511 0.000398309
9521 0.000398715
9531 0.0004347
9541 0.000440149
9551 0.000399953
9561 0.000400367
9571 0.0004009
9581 0.000419689
9591 0.00043431
9601 0.000402061
9611 0.000402457
9621 0.000438148
9631 0.000403273
9641 0.000403701
9651 0.000404127
9661 0.000404549
9671 0.000405004
9681 0.000405419
9691 0.00040584
9701 0.000406249
9711 0.000406682
9721 0.000443335
9731 0.000407493
9741 0.000408112
9751 0.000408439
9761 0.000452583
9771 0.000409525
9781 0.000464819
9791 0.00044789
9801 0.000415667
9811 0.000417612
9821 0.000413262
9831 0.000414811
9841 0.00041461
9851 0.000416517
9861 0.000425957
9871 0.000422332
9881 0.000417727
9891 0.000414227
9901 0.000458756
9911 0.000487426
9921 0.000500195
9931 0.000421495
9941 0.000420554
9951 0.000455495
9961 0.000452368
9971 0.000417587
9981 0.000417938
9991 0.000456341
