1 7.02e-07
51 9.358e-06
101 1.8345e-05
151 2.7299e-05
201 3.608e-05
251 4.5126e-05
301 5.4013e-05
351 6.293e-05
401 7.1834e-05
451 8.0599e-05
501 9.5553e-05
551 0.00010398
601 0.000107534
651 0.000116499
701 0.000131139
751 0.000140307
801 0.000149119
851 0.000179793
901 0.000161071
951 0.000169628
1001 0.000178551
1051 0.000187427
1101 0.000196325
1151 0.000205123
1201 0.000214031
1251 0.00022292
1301 0.000243895
1351 0.000246373
1401 0.00026924
1451 9.8551e-05
1501 6.0723e-05
1551 6.2683e-05
1601 6.4657e-05
1651 6.6629e-05
1701 6.8343e-05
1751 7.0466e-05
1801 7.2385e-05
1851 7.3304e-05
1901 7.5276e-05
1951 7.7232e-05
2001 8.9564e-05
2051 7.8965e-05
2101 8.0914e-05
2151 8.2802e-05
2201 8.4731e-05
2251 8.6643e-05
2301 8.988e-05
2351 9.1741e-05
2401 9.368e-05
2451 9.5597e-05
2501 9.7516e-05
2551 9.914e-05
2601 0.000101086
2651 0.000102999
2701 0.000104939
2751 0.000107189
2801 0.000108832
2851 0.000111013
2901 0.000112618
2951 0.0001145
3001 0.000116448
3051 0.000118673
3101 0.000120613
3151 0.00012256
3201 0.000126831
3251 0.000126378
3301 0.000128333
3351 0.000130267
3401 0.000132149
3451 0.000134091
3501 0.000136008
3551 0.000137935
3601 0.000139901
3651 0.00014151
3701 0.000143424
3751 0.000145362
3801 0.000147579
3851 0.000156171
3901 0.00015144
3951 0.000153305
4001 0.000155361
4051 0.000157238
4101 0.000174948
4151 0.000221663
4201 0.00026816
4251 0.000283705
4301 0.000296166
4351 0.000229063
4401 0.000169582
4451 0.000171469
4501 0.000173376
4551 0.0001753
4601 0.000177241
4651 0.00017916
4701 0.000181012
4751 0.000183969
4801 0.000186334
4851 0.000189745
4901 0.000188773
4951 0.000190672
