1 4.83e-07
10001 0.218714
20001 0.853287
30001 1.91342
40001 3.40285
50001 5.32346
60001 7.66226
70001 10.415
80001 13.9019
90001 17.3882
100001 21.2979
110001 25.9151
120001 30.8436
130001 36.7648
140001 42.3235
150001 47.9826
160001 55.2316
170001 61.9021
180001 71.1836
190001 78.2818
200001 86.6392
210001 95.6634
220001 104.388
230001 112.698
240001 123.421
250001 133.547
260001 145.183
270001 158.929
280001 171.523
290001 184.397
300001 197.442
310001 208.844
320001 216.458
330001 237.558
340001 249.267
350001 258.858
360001 273.176
370001 288.65
380001 304.238
390001 320.577
400001 337.282
410001 354.417
420001 371.678
430001 389.75
440001 408.031
450001 426.953
460001 445.952
470001 465.777
480001 485.529
490001 506.157
500001 526.788
510001 548.215
520001 569.753
530001 592.217
540001 614.514
550001 637.61
560001 660.668
570001 684.922
580001 708.911
590001 733.885
600001 758.618
610001 784.473
620001 809.996
630001 836.697
640001 863.129
650001 890.581
660001 917.876
670001 946.392
680001 974.471
690001 1003.5
700001 1032.57
710001 1062.74
720001 1092.48
730001 1123.39
740001 1154.26
750001 1185.89
760001 1217.26
770001 1250.15
780001 1282.28
790001 1315.65
800001 1349.34
810001 1383.23
820001 1417.4
830001 1452.47
840001 1487.29
850001 1523.48
860001 1559.03
870001 1596.02
880001 1632.38
890001 1670.26
900001 1707.57
910001 1746.1
920001 1784.34
930001 1823.76
940001 1863.23
950001 1903.12
960001 1943.11
970001 1984.37
980001 2024.93
990001 2067.14
1000001 2108.57
1010001 2151.41
1020001 2193.95
1030001 2237.29
1040001 2280.92
1050001 2325.03
1060001 2369.43
1070001 2414.67
1080001 2459.73
1090001 2505.69
1100001 2551.99
1110001 2599.03
1120001 2645.23
1130001 2693.15
1140001 2740.87
1150001 2789.36
1160001 2837.66
1170001 2887.27
1180001 2936.75
1190001 2986.99
1200001 3037.14
1210001 3088.11
1220001 3139.16
1230001 3191.05
1240001 3243.08
1250001 3295.71
1260001 3348.59
1270001 3402.25
1280001 3455.73
1290001 3510.21
1300001 3564.63
1310001 3620.14
1320001 3675.42
1330001 3731.11
1340001 3787.62
1350001 3844.4
1360001 3898.05
1370001 3959.15
1380001 4017.07
1390001 4075.73
1400001 4134.35
1410001 4193.68
1420001 4253.29
1430001 4313.48
1440001 4374.09
1450001 4435.28
1460001 4496.25
1470001 4558.24
1480001 4620.66
1490001 4683.54
