10 10 0.00278637
10 15 0.000572978
10 20 0.000708107
10 25 0.000932586
10 30 0.00462098
10 35 0.00486262
10 40 0.00505566
11 11 0.00442672
11 16 0.00142861
11 21 0.00108635
11 26 0.00124296
11 31 0.00189738
11 36 0.00874263
11 41 0.00927517
11 46 0.0118026
11 51 0.0125306
12 12 0.0105162
12 17 0.00164353
12 22 0.00171578
12 27 0.00143286
12 32 0.00244138
12 37 0.00352576
12 42 0.0144194
12 47 0.0170809
12 52 0.018004
12 57 0.0230053
12 62 0.0251114
13 13 0.0114051
13 18 0.0080942
13 23 0.00522757
13 28 0.00447055
13 33 0.00195056
13 38 0.00203761
13 43 0.00236966
13 48 0.00618248
13 53 0.0279489
13 58 0.032243
13 63 0.0340277
13 68 0.0309074
13 73 0.0337797
14 14 0.0177374
14 19 0.00935351
14 24 0.00664084
14 29 0.00271716
14 34 0.00273399
14 39 0.00292061
14 44 0.00313444
14 49 0.00900011
14 54 0.00933984
14 59 0.0288013
14 64 0.0488978
14 69 0.0505895
14 74 0.0622174
14 79 0.0538564
14 84 0.0574722
14 89 0.07565
15 15 0.0206886
15 20 0.00786544
15 25 0.00502602
15 30 0.0032119
15 35 0.0033268
15 40 0.00379768
15 45 0.000207795
15 50 0.00453835
15 55 0.00465255
15 60 0.00923556
15 65 0.0265433
15 70 0.0852778
15 75 0.0825951
15 80 0.087775
15 85 0.0814605
15 90 0.0838689
15 95 0.0865057
15 100 0.0887672
16 16 0.0383376
16 21 0.00882033
16 26 0.00865701
16 31 0.00505829
16 36 0.00423244
16 41 0.00268905
16 46 0.00595838
16 51 0.000284669
16 56 0.00735486
16 61 0.00689061
16 66 0.00745263
16 71 0.0268682
16 76 0.0607025
16 81 0.112998
16 86 0.120462
16 91 0.12408
16 96 0.126898
16 101 0.126191
16 106 0.126364
16 111 0.129592
16 116 0.134623
17 17 0.0482647
17 22 0.0274698
17 27 0.0211356
17 32 0.00936094
17 37 0.0073776
17 42 0.0031695
17 47 0.00311838
17 52 0.000356397
17 57 0.000356478
17 62 0.000555232
17 67 0.00899083
17 72 0.00923496
17 77 0.0361897
17 82 0.0479602
17 87 0.15722
17 92 0.167012
17 97 0.181287
17 102 0.179798
17 107 0.18764
17 112 0.193887
17 117 0.197242
17 122 0.192178
17 127 0.197796
17 132 0.210085
18 18 0.073868
18 23 0.0206772
18 28 0.0202375
18 33 0.00922708
18 38 0.00837727
18 43 0.0089344
18 48 0.000189559
18 53 0.000313027
18 58 0.000238076
18 63 0.000648532
18 68 0.000310508
18 73 0.000477384
18 78 0.000536339
18 83 0.0136092
18 88 0.0249181
18 93 0.0652205
18 98 0.243016
18 103 0.259089
18 108 0.257699
18 113 0.262614
18 118 0.281717
18 123 0.265579
18 128 0.277522
18 133 0.278574
18 138 0.28749
18 143 0.282875
18 148 0.300424
19 19 0.106965
19 24 0.0413009
19 29 0.0243816
19 34 0.0118508
19 39 0.01828
19 44 0.0105347
19 49 0.0126022
19 54 0.00603322
19 59 0.000258564
19 64 0.000598105
19 69 0.000434496
19 74 0.000773643
19 79 0.000733127
19 84 0.0172676
19 89 0.0179261
19 94 0.0182791
19 99 0.0525303
19 104 0.112095
19 109 0.353264
19 114 0.366556
19 119 0.377304
19 124 0.369863
19 129 0.37959
19 134 0.37018
19 139 0.391164
19 144 0.406957
19 149 0.393898
19 154 0.394283
19 159 0.425283
19 164 0.449667
19 169 0.453053
20 20 0.131497
20 25 0.0628777
20 30 0.037791
20 35 0.024319
20 40 0.012451
20 45 0.0158156
20 50 0.000172114
20 55 0.0177081
20 60 0.000210508
20 65 0.01955
20 70 0.0209466
20 75 0.000317556
20 80 0.000451359
20 85 0.000568551
20 90 0.000604581
20 95 0.0450407
20 100 0.0263916
20 105 0.024895
20 110 0.0720452
20 115 0.122737
20 120 0.296159
20 125 0.507312
20 130 0.511156
20 135 0.526001
20 140 0.524082
20 145 0.53793
20 150 0.53958
20 155 0.558867
20 160 0.555584
20 165 0.565953
20 170 0.566972
20 175 0.578907
20 180 0.584844
20 185 0.606595
21 21 0.174681
21 26 0.15015
21 31 0.082682
21 36 0.032934
21 41 0.0195157
21 46 0.0159589
21 51 0.000182517
21 56 0.0227009
21 61 0.0216754
21 66 0.000241039
21 71 0.000226032
21 76 0.000292398
21 81 0.000522414
21 86 0.000614295
21 91 0.000580463
21 96 0.000802708
21 101 0.0323963
21 106 0.0626782
21 111 0.0338696
21 116 0.0641042
21 121 0.092997
21 126 0.156057
21 131 0.593352
21 136 0.707068
21 141 0.708245
21 146 0.721112
21 151 0.742603
21 156 0.765601
21 161 0.724669
21 166 0.722352
21 171 0.71449
21 176 0.717494
21 181 0.728235
21 186 0.746749
21 191 0.761816
21 196 0.767196
21 201 0.785914
21 206 0.807338
22 22 0.224167
22 27 0.150383
22 32 0.1059
22 37 0.0739919
22 42 0.0789956
22 47 0.0226713
22 52 0.0235964
22 57 0.0101934
22 62 0.00018605
22 67 0.000181983
22 72 0.000296241
22 77 0.000233114
22 82 0.000350409
22 87 0.000291522
22 92 0.000521394
22 97 0.000660181
22 102 0.0388604
22 107 0.000923338
22 112 0.0387206
22 117 0.0402069
22 122 0.041376
22 127 0.0422735
22 132 0.123812
22 137 0.282909
22 142 0.616433
22 147 0.899057
22 152 0.935626
22 157 0.935511
22 162 0.94087
22 167 0.960679
22 172 0.954039
22 177 0.966348
22 182 0.979477
22 187 0.979872
22 192 0.989185
22 197 1.02213
22 202 1.03746
22 207 1.03571
22 212 1.04561
22 217 1.06317
22 222 1.08106
22 227 1.10145
23 23 0.289698
23 28 0.195275
23 33 0.0947556
23 38 0.0640828
23 43 0.0295548
23 48 0.0485073
23 53 0.0288775
23 58 0.0279924
23 63 0.0121633
23 68 0.000604356
23 73 0.000213569
23 78 0.000238863
23 83 0.000250437
23 88 0.000425765
23 93 0.000387681
23 98 0.000426728
23 103 0.00087205
23 108 0.000936057
23 113 0.00126614
23 118 0.0508191
23 123 0.00164944
23 128 0.101502
23 133 0.102856
23 138 0.104822
23 143 0.108622
23 148 0.26516
23 153 0.428156
23 158 1.23782
23 163 1.24148
23 168 1.24882
23 173 1.2685
23 178 1.27593
23 183 1.28189
23 188 1.29086
23 193 1.30087
23 198 1.31321
23 203 1.32133
23 208 1.34283
23 213 1.37887
23 218 1.37798
23 223 1.38809
23 228 1.41053
23 233 1.43856
23 238 1.47554
23 243 1.49725
23 248 1.52151
24 24 0.395524
24 29 0.254769
24 34 0.28643
24 39 0.0677744
24 44 0.0804387
24 49 0.0369279
24 54 0.0331614
24 59 0.0131541
24 64 0.032905
24 69 0.0326074
24 74 0.00157353
24 79 0.000482993
24 84 0.0203554
24 89 0.00024654
24 94 0.000389428
24 99 0.000368901
24 104 0.000505911
24 109 0.000742514
24 114 0.000791513
24 119 0.00152775
24 124 0.00193338
24 129 0.000952797
24 134 0.00182116
24 139 0.0679054
24 144 0.131299
24 149 0.259734
24 154 0.137487
24 159 0.208706
24 164 0.684553
24 169 0.868527
24 174 1.66874
24 179 1.66089
24 184 1.68658
24 189 1.69908
24 194 1.696
24 199 1.72707
24 204 1.71378
24 209 1.71787
24 214 1.7546
24 219 1.76025
24 224 1.77791
24 229 1.78753
24 234 1.8284
24 239 1.85798
24 244 1.98153
24 249 2.05082
24 254 2.02593
24 259 2.03276
24 264 2.09056
24 269 2.13457
24 274 2.15736
25 25 0.478357
25 30 0.478483
25 35 0.137301
25 40 0.158659
25 45 0.066414
25 50 0.0464149
25 55 0.0409084
25 60 0.0354134
25 65 0.0421939
25 70 0.0560385
25 75 0.000336727
25 80 0.000288511
25 85 0.0212363
25 90 0.00107417
25 95 0.000274038
25 100 0.0238904
25 105 0.000798324
25 110 0.000642775
25 115 0.000689715
25 120 0.000581219
25 125 0.00196208
25 130 0.00118278
25 135 0.0011906
25 140 0.0798849
25 145 0.00220007
25 150 0.0847752
25 155 0.165459
25 160 0.0863061
25 165 0.1721
25 170 0.344788
25 175 0.683242
25 180 0.945057
25 185 2.20847
25 190 2.18683
25 195 2.31025
25 200 2.28756
25 205 2.34031
25 210 2.33953
25 215 2.29861
25 220 2.29028
25 225 2.30478
25 230 2.31334
25 235 2.33734
25 240 2.38764
25 245 2.43967
25 250 2.44027
25 255 2.4371
25 260 2.48875
25 265 2.64289
25 270 2.63013
25 275 2.65105
25 280 2.68844
25 285 2.70257
25 290 2.78295
25 295 2.81501
