10 10 0.00290589
10 15 0.000985552
10 20 0.00196621
10 25 0.00157911
10 30 0.00527084
10 35 0.00567255
10 40 0.00582237
11 11 0.00480858
11 16 0.00289867
11 21 0.00142998
11 26 0.00164905
11 31 0.0016904
11 36 0.008806
11 41 0.0104962
11 46 0.010698
11 51 0.0110803
12 12 0.00785884
12 17 0.004701
12 22 0.00190813
12 27 0.00125549
12 32 0.00148519
12 37 0.00290364
12 42 0.00856057
12 47 0.0183936
12 52 0.018885
12 57 0.019213
12 62 0.0200392
13 13 0.013045
13 18 0.00366453
13 23 0.002811
13 28 0.00210955
13 33 0.00222586
13 38 0.00222569
13 43 0.00437706
13 48 0.0133772
13 53 0.0303339
13 58 0.0310634
13 63 0.0320444
13 68 0.032849
13 73 0.0336473
14 14 0.0179598
14 19 0.00768377
14 24 0.00259888
14 29 0.00475401
14 34 0.000175717
14 39 0.00476281
14 44 0.00634347
14 49 0.00676826
14 54 0.013675
14 59 0.0424977
14 64 0.0503285
14 69 0.0518033
14 74 0.0527105
14 79 0.0541203
14 84 0.0550993
14 89 0.0570751
15 15 0.0274174
15 20 0.00884198
15 25 0.00451422
15 30 0.0034288
15 35 0.00403738
15 40 0.00473114
15 45 0.0043264
15 50 0.0142584
15 55 0.00960001
15 60 0.0192816
15 65 0.0301861
15 70 0.0770773
15 75 0.0809019
15 80 0.0816206
15 85 0.083209
15 90 0.0852681
15 95 0.0866611
15 100 0.0904924
16 16 0.0397773
16 21 0.0180118
16 26 0.00829351
16 31 0.00245367
16 36 0.00181583
16 41 0.000149604
16 46 0.0063522
16 51 0.000404165
16 56 0.000209952
16 61 0.0142049
16 66 0.00771856
16 71 0.0221466
16 76 0.0829023
16 81 0.122827
16 86 0.124564
16 91 0.127782
16 96 0.127946
16 101 0.134096
16 106 0.143199
16 111 0.148676
16 116 0.149774
17 17 0.0631267
17 22 0.0204645
17 27 0.0130911
17 32 0.00685079
17 37 0.000377558
17 42 0.00339152
17 47 0.000230545
17 52 0.000543391
17 57 0.000412862
17 62 0.000613806
17 67 0.00963947
17 72 0.0106262
17 77 0.0215244
17 82 0.0422515
17 87 0.125614
17 92 0.185686
17 97 0.190195
17 102 0.206711
17 107 0.192975
17 112 0.200867
17 117 0.200277
17 122 0.21327
17 127 0.20914
17 132 0.214599
18 18 0.0811201
18 23 0.0196771
18 28 0.0132863
18 33 0.00804222
18 38 0.00968195
18 43 0.0051542
18 48 0.000205364
18 53 0.000186857
18 58 0.000283953
18 63 0.0132861
18 68 0.000418639
18 73 0.0144221
18 78 0.0142177
18 83 0.0149102
18 88 0.0429176
18 93 0.118856
18 98 0.134592
18 103 0.271445
18 108 0.28188
18 113 0.283795
18 118 0.281298
18 123 0.292754
18 128 0.301713
18 133 0.302532
18 138 0.306419
18 143 0.317754
18 148 0.317153
19 19 0.108159
19 24 0.051869
19 29 0.0244242
19 34 0.0200325
19 39 0.0120068
19 44 0.00541363
19 49 0.0179148
19 54 0.000234772
19 59 0.000461088
19 64 0.000290749
19 69 0.000292333
19 74 0.000786123
19 79 0.000946279
19 84 0.0199793
19 89 0.0205314
19 94 0.0581146
19 99 0.0401031
19 104 0.103195
19 109 0.392763
19 114 0.398948
19 119 0.395204
19 124 0.405108
19 129 0.407131
19 134 0.421143
19 139 0.417378
19 144 0.429499
19 149 0.428319
19 154 0.442124
19 159 0.449969
19 164 0.457159
19 169 0.475079
20 20 0.146027
20 25 0.0713466
20 30 0.0476785
20 35 0.0274576
20 40 0.0158251
20 45 0.0110595
20 50 0.0361689
20 55 0.000205425
20 60 0.000288438
20 65 0.000317868
20 70 0.00056516
20 75 0.000256923
20 80 0.000458854
20 85 0.000956991
20 90 0.0251071
20 95 0.0259955
20 100 0.0518083
20 105 0.054057
20 110 0.182042
20 115 0.162129
20 120 0.430714
20 125 0.559614
20 130 0.562373
20 135 0.572527
20 140 0.569525
