1 9
101 70
201 120
301 196
401 259
501 324
601 447
701 520
801 594
901 705
1001 682
1101 831
1201 623
1301 279
1401 297
1501 317
1601 353
1701 376
1801 375
1901 394
2001 434
2101 472
2201 495
2301 518
2401 540
2501 565
2601 588
2701 623
2801 640
2901 696
3001 676
3101 703
3201 724
3301 744
3401 764
3501 787
3601 812
3701 832
3801 855
3901 877
4001 899
4101 1011
4201 1037
4301 1062
4401 1085
4501 1122
4601 1145
4701 1172
4801 1224
4901 1209
5001 1213
5101 1227
5201 1237
5301 1230
5401 1252
5501 1314
5601 1299
5701 1364
5801 1392
5901 1547
6001 1479
6101 1416
6201 1438
6301 1497
6401 1488
6501 1505
6601 1563
6701 1680
6801 1844
6901 1915
7001 1716
7101 1680
7201 1742
7301 1707
7401 1716
7501 1773
7601 1797
7701 1824
7801 1806
7901 1867
8001 1852
8101 1943
8201 2015
8301 2078
8401 2073
8501 2185
8601 2253
8701 2384
8801 2196
8901 2252
9001 2248
9101 2237
9201 2299
9301 2286
9401 2344
9501 2335
9601 2362
9701 2420
9801 2417
9901 2592
10001 2605
10101 2636
10201 2614
10301 2596
10401 2572
10501 2650
10601 2757
10701 2616
10801 2716
10901 2771
11001 2752
11101 2829
11201 2908
11301 2927
11401 2972
11501 2938
11601 2983
11701 2878
11801 2935
11901 2953
12001 3061
12101 3069
12201 3088
12301 3058
12401 3174
12501 3186
12601 3125
12701 3123
12801 3184
12901 3224
13001 3320
13101 3308
13201 3290
13301 3368
13401 3396
13501 3475
13601 3379
13701 3368
13801 3424
13901 3482
14001 3569
14101 3586
14201 3571
14301 3560
14401 3779
14501 3609
14601 3654
14701 3696
14801 3853
14901 3843
15001 3761
15101 3768
15201 3833
15301 3820
15401 3825
15501 3924
15601 4056
15701 4148
15801 3946
15901 3985
16001 3978
16101 3959
16201 4035
16301 4156
16401 4419
16501 4504
16601 4406
16701 4372
16801 4438
16901 4398
17001 4480
17101 4594
17201 4678
17301 4629
17401 4516
17501 4645
17601 4591
17701 4740
17801 4722
17901 4782
18001 4820
18101 4718
18201 4840
18301 4893
18401 4870
18501 4838
18601 5029
18701 5056
18801 4952
18901 4972
19001 5205
19101 5070
19201 5091
19301 5138
19401 5080
19501 5175
19601 5282
19701 5252
19801 5174
19901 5289
