1 0
11 2
21 3
31 5
41 6
51 8
61 9
71 11
81 13
91 14
101 16
111 17
121 54
131 20
141 22
151 24
161 25
171 27
181 28
191 30
201 32
211 33
221 35
231 36
241 38
251 39
261 41
271 43
281 44
291 46
301 47
311 49
321 51
331 52
341 54
351 55
361 57
371 58
381 60
391 62
401 63
411 65
421 66
431 68
441 69
451 71
461 74
471 75
481 77
491 78
501 80
511 81
521 91
531 84
541 86
551 87
561 89
571 90
581 92
591 93
601 95
611 96
621 98
631 100
641 101
651 103
661 104
671 106
681 107
691 109
701 111
711 112
721 114
731 115
741 117
751 118
761 120
771 122
781 123
791 125
801 127
811 130
821 130
831 132
841 129
851 36
861 36
871 36
881 38
891 56
901 72
911 73
921 55
931 39
941 39
951 58
961 74
971 41
981 42
991 42
1001 43
1011 43
1021 44
1031 44
1041 45
1051 62
1061 79
1071 79
1081 46
1091 47
1101 47
1111 48
1121 48
1131 49
1141 49
1151 49
1161 50
1171 50
1181 51
1191 51
1201 52
1211 52
1221 52
1231 53
1241 53
1251 54
1261 54
1271 88
1281 55
1291 71
1301 56
1311 56
1321 57
1331 89
1341 90
1351 58
1361 58
1371 59
1381 59
1391 60
1401 60
1411 60
1421 61
1431 61
1441 62
1451 79
1461 103
1471 63
1481 63
1491 64
1501 64
1511 81
1521 81
1531 81
1541 101
1551 97
1561 100
1571 83
1581 100
1591 84
1601 84
1611 85
1621 85
1631 85
1641 86
1651 86
1661 71
1671 88
1681 88
1691 73
1701 73
1711 89
1721 89
1731 107
1741 106
1751 107
1761 93
1771 117
1781 92
1791 77
1801 93
1811 111
1821 94
1831 94
1841 94
1851 79
1861 95
1871 96
1881 96
1891 97
1901 97
1911 97
1921 98
1931 83
1941 99
1951 99
1961 100
1971 85
1981 85
1991 85
2001 86
2011 86
2021 87
2031 87
2041 88
2051 91
2061 96
2071 89
2081 89
2091 90
2101 90
2111 91
2121 91
2131 92
2141 92
2151 93
2161 93
2171 95
2181 96
2191 95
2201 97
2211 97
2221 98
2231 99
2241 99
2251 100
2261 100
2271 100
2281 100
2291 101
2301 101
2311 102
2321 102
2331 102
2341 102
2351 102
2361 103
2371 103
2381 104
2391 105
2401 131
2411 105
2421 106
2431 106
2441 107
2451 107
2461 106
2471 106
2481 107
2491 107
2501 108
2511 110
2521 110
2531 109
2541 109
2551 110
2561 110
2571 110
2581 111
2591 111
2601 112
2611 112
2621 113
2631 113
2641 114
2651 114
2661 114
2671 115
2681 115
2691 116
2701 116
2711 122
2721 117
2731 118
2741 119
2751 119
2761 119
2771 120
2781 120
2791 121
2801 136
2811 137
2821 137
2831 137
2841 138
2851 139
2861 139
2871 125
2881 139
2891 139
2901 140
2911 141
2921 141
2931 142
2941 142
2951 142
2961 136
2971 142
2981 144
2991 144
3001 145
3011 164
3021 180
3031 148
3041 169
3051 166
3061 135
3071 136
3081 140
3091 138
3101 140
3111 134
3121 134
3131 135
3141 135
3151 135
3161 136
3171 136
3181 137
3191 137
3201 144
3211 138
3221 138
3231 139
3241 139
3251 141
3261 141
3271 142
3281 141
3291 142
3301 143
3311 143
3321 144
3331 144
3341 144
3351 147
3361 147
3371 148
3381 148
3391 149
3401 148
3411 150
3421 151
3431 152
3441 152
3451 158
3461 151
3471 151
3481 151
3491 152
3501 155
3511 155
3521 155
3531 157
3541 157
3551 153
3561 153
3571 154
3581 154
3591 154
3601 155
3611 155
3621 156
3631 156
3641 157
3651 157
3661 157
3671 158
3681 163
3691 159
3701 159
3711 160
3721 160
3731 160
3741 161
3751 161
3761 162
3771 162
3781 163
3791 163
3801 163
3811 164
3821 164
3831 165
3841 165
3851 166
3861 166
3871 167
3881 167
3891 167
3901 168
3911 171
3921 169
3931 169
3941 170
3951 170
3961 170
3971 171
3981 171
3991 172
4001 172
4011 173
4021 174
4031 173
4041 214
4051 175
4061 175
4071 175
4081 176
4091 176
4101 176
4111 177
4121 181
4131 178
4141 178
4151 179
4161 179
4171 179
4181 180
4191 180
4201 181
4211 181
4221 182
4231 182
4241 182
4251 183
4261 183
4271 184
4281 184
4291 185
4301 185
4311 186
4321 188
4331 186
4341 187
4351 187
4361 188
4371 188
4381 189
4391 189
4401 189
4411 190
4421 191
4431 191
4441 191
4451 192
4461 192
4471 193
4481 193
4491 193
4501 194
4511 197
4521 195
4531 195
4541 195
4551 196
4561 197
4571 197
4581 198
4591 198
4601 200
4611 200
4621 201
4631 214
4641 213
4651 202
4661 203
4671 202
4681 202
4691 243
4701 215
4711 216
4721 217
4731 218
4741 218
4751 218
4761 219
4771 219
4781 219
4791 208
4801 208
4811 209
4821 211
4831 222
4841 221
4851 214
4861 238
4871 227
4881 229
4891 227
4901 228
4911 257
4921 223
4931 226
4941 244
4951 216
4961 217
4971 218
4981 230
4991 229
5001 218
5011 241
5021 231
5031 230
5041 231
5051 232
5061 234
5071 221
5081 221
5091 223
5101 233
5111 232
5121 232
5131 232
5141 233
5151 256
5161 226
5171 268
5181 235
5191 235
5201 270
5211 235
5221 236
5231 237
5241 226
5251 226
5261 226
5271 238
5281 238
5291 239
5301 239
5311 231
5321 240
5331 241
5341 241
5351 241
5361 242
5371 242
5381 243
5391 243
5401 244
5411 233
5421 233
5431 234
5441 280
5451 246
5461 253
5471 247
5481 247
5491 247
5501 248
5511 248
5521 248
5531 249
5541 249
5551 250
5561 250
5571 240
5581 251
5591 251
5601 241
5611 255
5621 253
5631 254
5641 253
5651 254
5661 254
5671 255
5681 255
5691 255
5701 245
5711 246
5721 257
5731 257
5741 248
5751 250
5761 248
5771 248
5781 249
5791 249
5801 250
5811 265
5821 278
5831 262
5841 263
5851 265
5861 256
5871 266
5881 256
5891 279
5901 256
5911 256
5921 302
5931 269
5941 269
5951 270
5961 269
5971 274
5981 308
5991 278
6001 276
6011 276
6021 349
6031 286
6041 270
6051 270
6061 271
6071 271
6081 272
6091 306
6101 272
6111 273
6121 273
6131 275
6141 293
6151 269
6161 269
6171 270
6181 273
6191 283
6201 282
6211 281
6221 281
6231 283
6241 283
6251 298
6261 283
6271 302
6281 290
6291 280
6301 281
6311 320
6321 282
6331 282
6341 298
6351 318
6361 284
6371 274
6381 318
6391 285
6401 276
6411 301
6421 286
6431 286
6441 287
6451 287
6461 288
6471 289
6481 289
6491 280
6501 280
6511 314
6521 281
6531 284
6541 324
6551 282
6561 330
6571 292
6581 293
6591 293
6601 284
6611 285
6621 285
6631 286
6641 296
6651 286
6661 303
6671 297
6681 297
6691 297
6701 298
6711 298
6721 299
6731 299
6741 300
6751 291
6761 291
6771 292
6781 294
6791 292
6801 293
6811 294
6821 295
6831 294
6841 308
6851 305
6861 325
6871 344
6881 325
6891 310
6901 333
6911 342
6921 310
6931 311
6941 312
6951 310
6961 336
6971 327
6981 334
6991 333
7001 334
7011 334
7021 343
7031 294
7041 330
7051 348
7061 331
7071 331
7081 296
7091 296
7101 297
7111 297
7121 298
7131 298
7141 320
7151 315
7161 301
7171 335
7181 371
7191 415
7201 305
7211 304
7221 307
7231 306
7241 306
7251 307
7261 349
7271 309
7281 309
7291 331
7301 323
7311 306
7321 348
7331 307
7341 307
7351 307
7361 308
7371 351
7381 348
7391 309
7401 309
7411 310
7421 310
7431 311
7441 311
7451 312
7461 312
7471 312
7481 313
7491 313
7501 314
7511 349
7521 314
7531 315
7541 315
7551 316
7561 316
7571 351
7581 317
7591 317
7601 318
7611 318
7621 319
7631 358
7641 319
7651 320
7661 320
7671 321
7681 321
7691 322
7701 322
7711 322
7721 323
7731 323
7741 324
7751 362
7761 324
7771 325
7781 326
7791 327
7801 405
7811 329
7821 331
7831 376
7841 386
7851 331
7861 372
7871 332
7881 332
7891 334
7901 333
7911 340
7921 337
7931 340
7941 337
7951 333
7961 333
7971 339
7981 334
7991 334
8001 335
8011 335
8021 335
8031 336
8041 336
8051 337
8061 337
8071 337
8081 338
8091 375
8101 339
8111 339
8121 340
8131 340
8141 385
8151 416
8161 391
8171 347
8181 345
8191 353
8201 365
8211 347
8221 347
8231 350
8241 349
8251 390
8261 346
8271 346
8281 389
8291 347
8301 387
8311 348
8321 348
8331 386
8341 349
8351 349
8361 350
8371 350
8381 350
8391 351
8401 351
8411 389
8421 352
8431 353
8441 353
8451 353
8461 354
8471 354
8481 355
8491 355
8501 355
8511 399
8521 393
8531 357
8541 357
8551 358
8561 358
8571 358
8581 370
8591 359
8601 360
8611 361
8621 361
8631 398
8641 361
8651 363
8661 363
8671 397
8681 366
8691 368
8701 368
8711 367
8721 368
8731 410
8741 477
8751 404
8761 368
8771 377
8781 373
8791 377
8801 372
8811 368
8821 369
8831 407
8841 370
8851 370
8861 371
8871 371
8881 371
8891 372
8901 372
8911 373
8921 373
8931 376
8941 410
8951 374
8961 375
8971 375
8981 376
8991 376
9001 376
9011 379
9021 454
9031 466
9041 416
9051 382
9061 388
9071 383
9081 384
9091 384
9101 385
9111 384
9121 382
9131 420
9141 384
9151 383
9161 383
9171 384
9181 384
9191 428
9201 385
9211 385
9221 386
9231 424
9241 386
9251 387
9261 387
9271 388
9281 388
9291 389
9301 389
9311 389
9321 390
9331 427
9341 391
9351 432
9361 392
9371 392
9381 392
9391 393
9401 393
9411 394
9421 394
9431 431
9441 395
9451 467
9461 399
9471 402
9481 400
9491 400
9501 401
9511 400
9521 428
9531 418
9541 404
9551 408
9561 467
9571 452
9581 401
9591 401
9601 402
9611 402
9621 450
9631 403
9641 403
9651 404
9661 404
9671 404
9681 405
9691 405
9701 406
9711 446
9721 407
9731 407
9741 407
9751 408
9761 408
9771 409
9781 409
9791 409
9801 410
9811 448
9821 488
9831 505
9841 453
9851 451
9861 455
9871 450
9881 455
9891 492
9901 497
9911 415
9921 416
9931 434
9941 416
9951 416
9961 417
9971 460
9981 457
9991 418
10001 418
10011 419
10021 419
10031 420
10041 420
10051 420
10061 421
10071 460
10081 422
10091 422
10101 422
10111 423
10121 467
10131 424
10141 424
10151 425
10161 463
10171 470
10181 429
10191 430
10201 431
10211 431
10221 430
10231 431
10241 432
10251 473
10261 439
10271 440
10281 440
10291 431
10301 431
10311 474
10321 432
10331 432
10341 475
10351 433
10361 433
10371 434
10381 434
10391 435
10401 435
10411 435
10421 436
10431 474
10441 437
10451 437
10461 438
10471 438
10481 438
10491 439
10501 439
10511 440
10521 479
10531 440
10541 441
10551 442
10561 514
10571 555
10581 449
10591 447
10601 488
10611 447
10621 451
10631 449
10641 492
10651 446
10661 520
10671 446
10681 494
10691 447
10701 448
10711 448
10721 448
10731 449
10741 449
10751 450
10761 450
10771 488
10781 451
10791 451
10801 452
10811 453
10821 453
10831 454
10841 490
10851 479
10861 459
10871 458
10881 460
10891 459
10901 471
10911 461
10921 502
10931 553
10941 467
10951 467
10961 463
10971 464
10981 464
10991 465
11001 464
11011 466
11021 549
11031 511
11041 462
11051 505
11061 463
11071 463
11081 463
11091 464
11101 502
11111 465
11121 465
11131 466
11141 466
11151 466
11161 467
11171 467
11181 549
11191 505
11201 469
11211 469
11221 469
11231 470
11241 470
11251 471
11261 516
11271 471
11281 472
11291 472
11301 473
11311 473
11321 474
11331 474
11341 519
11351 475
11361 476
11371 532
11381 476
11391 477
11401 477
11411 477
11421 505
11431 478
11441 479
11451 479
11461 480
11471 523
11481 482
11491 519
11501 527
11511 485
11521 486
11531 486
11541 486
11551 487
11561 490
11571 496
11581 570
11591 595
11601 491
11611 494
11621 492
11631 491
11641 491
11651 492
11661 530
11671 488
11681 532
11691 489
11701 489
11711 516
11721 507
11731 516
11741 508
11751 492
11761 492
11771 492
11781 493
11791 493
11801 494
11811 536
11821 495
11831 495
11841 540
11851 496
11861 496
11871 497
11881 497
11891 537
11901 498
11911 498
11921 499
11931 499
11941 500
11951 500
11961 500
11971 538
11981 501
11991 502
12001 502
12011 504
12021 521
12031 503
12041 504
12051 544
12061 505
12071 506
12081 507
12091 546
12101 512
12111 511
12121 557
12131 512
12141 512
12151 512
12161 519
12171 521
12181 519
12191 511
12201 553
12211 511
12221 512
12231 586
12241 642
12251 518
12261 519
12271 558
12281 519
12291 520
12301 518
12311 559
12321 515
12331 516
12341 558
12351 559
12361 517
12371 517
12381 518
12391 518
12401 519
12411 519
12421 562
12431 520
12441 520
12451 523
12461 558
12471 595
12481 559
12491 608
12501 523
12511 523
12521 524
12531 524
12541 525
12551 525
12561 566
12571 526
12581 526
12591 527
12601 527
12611 528
12621 528
12631 652
12641 529
12651 530
12661 569
12671 569
12681 535
12691 536
12701 582
12711 536
12721 537
12731 539
12741 546
12751 547
12761 537
12771 534
12781 576
12791 535
12801 535
12811 536
12821 597
12831 657
12841 573
12851 561
12861 545
12871 545
12881 543
12891 542
12901 540
12911 652
12921 541
12931 541
12941 585
12951 542
12961 542
12971 543
12981 545
12991 544
13001 544
13011 544
13021 545
13031 545
13041 546
13051 546
13061 630
13071 547
13081 547
13091 548
13101 548
13111 548
13121 549
13131 594
13141 550
13151 550
13161 551
13171 551
13181 551
13191 553
13201 590
13211 630
13221 591
13231 560
13241 560
13251 559
13261 559
13271 601
13281 560
13291 571
13301 570
13311 562
13321 557
13331 586
13341 574
13351 559
13361 559
13371 559
13381 560
13391 560
13401 600
13411 633
13421 603
13431 606
13441 603
13451 604
13461 603
13471 607
13481 607
13491 564
13501 565
13511 565
13521 610
13531 568
13541 584
13551 567
13561 567
13571 568
13581 568
13591 569
13601 614
13611 569
13621 570
13631 571
13641 571
13651 571
13661 572
13671 612
13681 572
13691 573
13701 573
13711 574
13721 574
13731 575
13741 615
13751 616
13761 660
13771 627
13781 581
13791 582
13801 627
13811 582
13821 590
13831 595
13841 584
13851 580
13861 580
13871 623
13881 581
13891 581
13901 582
13911 582
13921 582
13931 583
13941 621
13951 584
13961 587
13971 746
13981 592
13991 592
14001 634
14011 590
14021 595
14031 633
14041 588
14051 631
14061 619
14071 650
14081 589
14091 590
14101 590
14111 590
14121 591
14131 631
14141 592
14151 592
14161 592
14171 593
14181 612
14191 619
14201 611
14211 595
14221 595
14231 595
14241 596
14251 598
14261 679
14271 603
14281 603
14291 603
14301 602
14311 685
14321 651
14331 619
14341 609
14351 601
14361 601
14371 601
14381 602
14391 608
14401 602
14411 603
14421 603
14431 604
14441 604
14451 607
14461 605
14471 605
14481 606
14491 607
14501 679
14511 747
14521 654
14531 652
14541 648
14551 638
14561 682
14571 655
14581 647
14591 610
14601 654
14611 611
14621 612
14631 614
14641 630
14651 613
14661 613
14671 614
14681 614
14691 615
14701 653
14711 615
14721 616
14731 617
14741 618
14751 619
14761 708
14771 623
14781 624
14791 622
14801 624
14811 626
14821 683
14831 709
14841 622
14851 621
14861 622
14871 622
14881 652
14891 623
14901 623
14911 624
14921 624
14931 625
14941 625
14951 662
14961 626
14971 626
14981 627
14991 627
15001 628
15011 703
15021 700
15031 670
15041 675
15051 669
15061 674
15071 717
15081 667
15091 650
15101 632
15111 676
15121 659
15131 650
15141 633
15151 634
15161 634
15171 635
15181 635
15191 674
15201 636
15211 824
15221 638
15231 723
15241 689
15251 744
15261 714
15271 647
15281 645
15291 660
15301 732
15311 650
15321 694
15331 738
15341 648
15351 649
15361 686
15371 643
15381 644
15391 644
15401 644
15411 645
15421 682
15431 646
15441 646
15451 647
15461 647
15471 647
15481 684
15491 648
15501 649
15511 649
15521 649
15531 650
15541 689
15551 651
15561 651
15571 651
15581 695
15591 652
15601 733
15611 740
15621 661
15631 662
15641 661
15651 668
15661 660
15671 657
15681 673
15691 695
15701 697
15711 703
15721 662
15731 664
15741 669
15751 678
15761 666
15771 703
15781 660
15791 661
15801 661
15811 662
15821 662
15831 752
15841 664
15851 766
15861 728
15871 705
15881 756
15891 707
15901 738
15911 667
15921 667
15931 710
15941 707
15951 668
15961 668
15971 669
15981 669
15991 670
16001 707
16011 670
16021 671
16031 671
16041 672
16051 672
16061 693
16071 673
16081 718
16091 674
16101 674
16111 721
16121 676
16131 676
16141 679
16151 684
16161 682
16171 724
16181 682
16191 687
16201 699
16211 693
16221 756
16231 710
16241 706
16251 691
16261 686
16271 730
16281 723
16291 682
16301 739
16311 683
16321 684
16331 684
16341 721
16351 685
16361 685
16371 686
16381 686
16391 728
16401 725
16411 731
16421 688
16431 688
16441 689
16451 730
16461 771
16471 696
16481 698
16491 696
16501 763
16511 728
16521 735
16531 693
16541 693
16551 694
16561 736
16571 695
16581 738
16591 701
16601 701
16611 745
16621 701
16631 756
16641 754
16651 699
16661 698
16671 739
16681 718
16691 809
16701 706
16711 709
16721 751
16731 710
16741 720
16751 745
16761 703
16771 773
16781 721
16791 704
16801 704
16811 705
16821 705
16831 744
16841 706
16851 706
16861 751
16871 707
16881 733
16891 725
16901 709
16911 709
16921 709
16931 710
16941 748
16951 711
16961 711
16971 734
16981 731
16991 751
17001 756
17011 758
17021 719
17031 719
17041 721
17051 775
17061 738
17071 716
17081 716
17091 717
17101 761
17111 717
17121 718
17131 869
17141 728
17151 771
17161 726
17171 728
17181 767
17191 721
17201 727
17211 766
17221 764
17231 723
17241 723
17251 724
17261 760
17271 724
17281 725
17291 726
17301 751
17311 782
17321 726
17331 727
17341 727
17351 728
17361 728
17371 772
17381 729
17391 730
17401 731
17411 775
17421 794
17431 738
17441 737
17451 738
17461 755
17471 745
17481 734
17491 734
17501 734
17511 735
17521 736
17531 735
17541 736
17551 736
17561 737
17571 918
17581 772
17591 744
17601 748
17611 748
17621 792
17631 818
17641 777
17651 741
17661 786
17671 742
17681 777
17691 742
17701 743
17711 743
17721 744
17731 779
17741 780
17751 745
17761 745
17771 746
17781 787
17791 747
17801 749
17811 794
17821 755
17831 798
17841 800
17851 835
17861 771
17871 753
17881 794
17891 751
17901 752
17911 752
17921 753
17931 755
17941 794
17951 754
17961 754
17971 755
17981 803
17991 794
18001 917
18011 801
18021 805
18031 844
18041 800
18051 758
18061 760
18071 759
18081 784
18091 777
18101 760
18111 761
18121 761
18131 761
18141 806
18151 762
18161 797
18171 763
18181 764
18191 804
18201 805
18211 772
18221 771
18231 781
18241 808
18251 791
18261 780
18271 811
18281 911
18291 785
18301 769
18311 769
18321 770
18331 770
18341 813
18351 771
18361 771
18371 772
18381 772
18391 817
18401 773
18411 844
18421 824
18431 861
18441 819
18451 822
18461 851
18471 857
18481 778
18491 819
18501 777
18511 778
18521 778
18531 777
18541 779
18551 779
18561 780
18571 806
18581 907
18591 789
18601 788
18611 790
18621 943
18631 868
18641 808
18651 794
18661 793
18671 792
18681 957
18691 864
18701 786
18711 786
18721 828
18731 787
18741 788
18751 788
18761 788
18771 832
18781 833
18791 790
18801 790
18811 791
18821 881
18831 798
18841 801
18851 798
18861 843
18871 875
18881 793
18891 794
18901 795
18911 795
18921 831
18931 796
18941 797
18951 798
18961 804
18971 839
18981 850
18991 804
19001 819
19011 850
19021 968
19031 813
19041 810
19051 809
19061 854
19071 879
19081 882
19091 803
19101 821
19111 840
19121 804
19131 804
19141 805
19151 806
19161 849
19171 841
19181 806
19191 807
19201 850
19211 809
19221 892
19231 816
19241 817
19251 855
19261 814
19271 855
19281 811
19291 811
19301 848
19311 813
19321 815
19331 886
19341 937
19351 821
19361 820
19371 873
19381 838
19391 861
19401 816
19411 851
19421 869
19431 825
19441 863
19451 828
19461 865
19471 942
19481 860
19491 863
19501 820
19511 821
19521 821
19531 819
19541 822
19551 822
19561 863
19571 823
19581 857
19591 824
19601 825
19611 911
19621 879
19631 833
19641 834
19651 876
19661 827
19671 935
19681 902
19691 836
19701 835
19711 835
19721 852
19731 856
19741 845
19751 858
19761 890
19771 832
19781 832
19791 833
19801 954
19811 886
19821 843
19831 876
19841 840
19851 918
19861 835
19871 836
19881 836
19891 837
19901 872
19911 838
19921 838
19931 839
19941 841
19951 902
19961 840
19971 840
19981 841
19991 996
