1 9
101 70
201 120
301 195
401 260
501 324
601 446
701 520
801 647
901 668
1001 743
1101 933
1201 537
1301 279
1401 297
1501 321
1601 336
1701 356
1801 375
1901 393
2001 411
2101 457
2201 480
2301 514
2401 554
2501 674
2601 592
2701 611
2801 711
2901 671
3001 693
3101 656
3201 677
3301 699
3401 719
3501 740
3601 763
3701 782
3801 804
3901 826
4001 846
4101 954
4201 975
4301 996
4401 1049
4501 1079
4601 1263
4701 1136
4801 1225
4901 1158
5001 1169
5101 1185
5201 1243
5301 1231
5401 1253
5501 1277
5601 1298
5701 1364
5801 1389
5901 1367
6001 1391
6101 1426
6201 1451
6301 1497
6401 1534
6501 1494
6601 1549
6701 1565
6801 1656
6901 1830
7001 1669
7101 1731
7201 1682
7301 1745
7401 1748
7501 1776
7601 1835
7701 1891
7801 1806
7901 1903
8001 1856
8101 1878
8201 2048
8301 2040
8401 2105
8501 2187
8601 2149
8701 2146
8801 2163
8901 2188
9001 2206
9101 2236
9201 2356
9301 2469
9401 2350
9501 2335
9601 2398
9701 2407
9801 2465
9901 2642
10001 2626
10101 2585
10201 2549
10301 2532
10401 2596
10501 2624
10601 2562
10701 2634
10801 2721
10901 2691
11001 2780
11101 2886
11201 2851
11301 2813
11401 2885
11501 3037
11601 2933
11701 2916
11801 2937
11901 2961
12001 3032
12101 3034
12201 3047
12301 3175
12401 2992
12501 3025
12601 3158
12701 3124
12801 3182
12901 3130
13001 3313
13101 3271
13201 3268
13301 3403
13401 3317
13501 3377
13601 3378
13701 3370
13801 3393
13901 3498
14001 3552
14101 3624
14201 3450
14301 3722
14401 3589
14501 3628
14601 3721
14701 3651
14801 3697
14901 3734
15001 3655
15101 3695
15201 3913
15301 3723
15401 3743
15501 3851
15601 3928
15701 3890
15801 3819
15901 3858
16001 4010
16101 4043
16201 3985
16301 3946
16401 4486
16501 4375
16601 4286
16701 4377
16801 4306
16901 4344
17001 4389
17101 4606
17201 4798
17301 4562
17401 4542
17501 4602
17601 4535
17701 4674
17801 4707
17901 4992
18001 4721
18101 4694
18201 4671
18301 4684
18401 4897
18501 4864
18601 4990
18701 4857
18801 4865
18901 4876
19001 4944
19101 5029
19201 5010
19301 5236
19401 5106
19501 5086
19601 5211
19701 5167
19801 5000
19901 5334
