5 7
505 62
1005 104
1505 178
2005 227
2505 327
3005 316
3505 434
4005 549
4505 649
5005 745
5505 911
6005 1111
6505 1456
7005 1639
7505 2607
8005 1416
8505 1838
9005 1638
9505 2752
10005 2570
10505 1964
11005 1387
11505 3360
12005 1487
12505 2647
13005 2437
13505 1701
14005 4810
14505 2622
15005 2577
15505 3210
16005 3247
16505 5027
17005 3418
17505 3750
18005 3878
18505 4737
19005 4398
19505 4839
20005 5878
20505 5149
21005 5136
21505 5112
22005 6334
22505 7811
23005 5560
23505 8489
24005 7410
24505 6289
25005 6267
25505 6388
26005 6929
26505 8337
27005 8913
27505 7203
28005 11627
