1 1.69e-07
251 0.04994
501 0.270984
751 0.908561
1001 2.14398
1251 4.17935
1501 7.20779
1751 11.4533
2001 17.0322
2251 24.4247
2501 33.8251
2751 46.3787
3001 58.009
3251 75.2789
3501 93.0273
3751 113.805
4001 138.816
4251 166.451
4501 195.06
4751 231.688
5001 268.415
5251 315.785
5501 357.665
5751 410.119
6001 476.076
6251 541.827
6501 587.02
6751 652.132
7001 726.658
7251 822.693
7501 914.386
7751 1005.16
8001 1105.8
8251 1210.86
8501 1310.11
8751 1429.7
9001 1541.07
9251 1704.42
9501 1855.88
9751 2006.54