10 10 50 50
10 11 50 50
10 12 50 50
10 13 50 50
10 14 50 50
10 15 50 50
10 16 50 50
10 17 50 50
10 18 50 50
10 19 50 50
11 11 50 50
11 12 50 50
11 13 50 50
11 14 50 50
11 15 50 50
11 16 50 50
11 17 50 50
11 18 50 50
11 19 50 50
11 20 50 50
11 21 50 50
12 12 50 50
12 13 50 50
12 14 50 50
12 15 50 50
12 16 50 50
12 17 50 50
12 18 50 50
12 19 50 50
12 20 50 50
12 21 50 50
12 22 50 50
12 23 50 50
13 13 50 50
13 14 50 50
13 15 50 50
13 16 50 50
13 17 50 50
13 18 50 50
13 19 50 50
13 20 50 50
13 21 50 50
13 22 50 50
13 23 50 50
13 24 50 50
13 25 50 50
14 14 50 50
14 15 50 50
14 16 50 50
14 17 50 50
14 18 50 50
14 19 50 50
14 20 50 50
14 21 50 50
14 22 50 50
14 23 50 50
14 24 50 50
14 25 50 50
14 26 50 50
14 27 50 50
15 15 50 50
15 16 50 50
15 17 50 50
15 18 50 50
15 19 50 50
15 20 50 50
15 21 50 50
15 22 50 50
15 23 50 50
15 24 50 50
15 25 50 50
15 26 50 50
15 27 50 50
15 28 50 50
15 29 50 50
16 16 50 50
16 17 50 50
16 18 50 50
16 19 50 50
16 20 50 50
16 21 50 50
16 22 50 50
16 23 50 50
16 24 50 50
16 25 50 50
16 26 50 50
16 27 50 50
16 28 50 50
16 29 50 50
16 30 50 50
16 31 50 50
17 17 50 50
17 18 50 50
17 19 50 50
17 20 50 50
17 21 50 50
17 22 50 50
17 23 50 50
17 24 50 50
17 25 50 50
17 26 50 50
17 27 50 50
17 28 50 50
17 29 50 50
17 30 50 50
17 31 50 50
17 32 50 50
17 33 50 50
18 18 50 50
18 19 50 50
18 20 50 50
18 21 50 50
18 22 50 50
18 23 50 50
18 24 50 50
18 25 50 50
18 26 50 50
18 27 50 50
18 28 50 50
18 29 50 50
18 30 50 50
18 31 50 50
18 32 50 50
18 33 50 50
18 34 50 50
18 35 50 50
19 19 50 50
19 20 50 50
19 21 50 50
19 22 50 50
19 23 50 50
19 24 50 50
19 25 50 50
19 26 50 50
19 27 50 50
19 28 50 50
19 29 50 50
19 30 50 50
19 31 50 50
19 32 50 50
19 33 50 50
19 34 50 50
19 35 50 50
19 36 50 50
19 37 50 50
20 20 50 50
20 21 50 50
20 22 50 50
20 23 50 50
20 24 50 50
20 25 50 50
20 26 50 50
20 27 50 50
20 28 50 50
20 29 50 50
20 30 50 50
20 31 50 50
20 32 50 50
20 33 50 50
20 34 50 50
20 35 50 50
20 36 50 50
20 37 50 50
20 38 50 50
20 39 50 50
