10 0.000100323 1
110 0.00116996 16
210 0.00215337 27
310 0.00329213 37
410 0.00449435 52
510 0.00579429 58
610 0.0062968 81
710 0.00501282 88
810 0.00453231 100
910 0.00419795 108
1010 0.00445045 124
1110 0.00453696 129
1210 0.0056366 156
1310 0.00612367 152
1410 0.00703411 178
1510 0.00783869 194
1610 0.00896561 192
1710 0.00958204 210
1810 0.0104857 228
1910 0.0117248 238
2010 0.0123728 236
2110 0.01311 257
2210 0.0151614 282
2310 0.0149253 274
2410 0.0168114 302
2510 0.0176984 311
2610 0.0195543 332
2710 0.0201817 341
2810 0.0218698 359
2910 0.0245505 367
3010 0.0246326 383
3110 0.0267351 391
3210 0.0275212 404
3310 0.0289666 414
3410 0.0300082 410
3510 0.0329221 443
3610 0.0343896 457
3710 0.0354245 448
3810 0.0362467 479
3910 0.0385432 482
4010 0.0406095 498
4110 0.0447855 510
4210 0.0465687 526
4310 0.0478697 555
4410 0.0484761 550
4510 0.0504679 563
4610 0.0516141 567
4710 0.0539964 572
4810 0.0577828 599
4910 0.0581363 595
5010 0.0623834 627
5110 0.0647453 655
5210 0.0668271 661
5310 0.0676159 651
5410 0.0711434 683
5510 0.0713641 671
5610 0.0747718 699
5710 0.0791308 705
5810 0.0810382 720
5910 0.0838135 752
6010 0.0872288 772
6110 0.0876256 772
6210 0.0896323 780
6310 0.09291 780
6410 0.097697 811
6510 0.0978164 816
6610 0.100628 816
6710 0.104715 847
6810 0.106821 852
6910 0.109408 865
7010 0.113229 878
7110 0.116526 898
7210 0.119877 917
7310 0.126111 903
7410 0.12439 928
7510 0.129257 940
7610 0.132222 954
7710 0.137606 969
7810 0.144228 999
7910 0.146911 1017
8010 0.147145 995
8110 0.151664 1024
8210 0.152875 1047
8310 0.153604 1034
8410 0.157973 1040
8510 0.164096 1073
8610 0.164774 1070
8710 0.170828 1100
8810 0.176727 1095
8910 0.177687 1122
9010 0.179724 1135
9110 0.183914 1144
9210 0.191967 1153
9310 0.192309 1161
9410 0.196085 1183
9510 0.198553 1169
9610 0.203155 1195
9710 0.209934 1215
9810 0.21557 1237
9910 0.214787 1227
10010 0.220865 1260
10110 0.222817 1275
10210 0.230073 1277
10310 0.232011 1277
10410 0.241163 1324
10510 0.241665 1319
10610 0.250539 1315
10710 0.254264 1350
10810 0.254962 1356
10910 0.257356 1353
11010 0.267699 1391
11110 0.273362 1402
11210 0.278039 1421
11310 0.276849 1404
11410 0.276373 1413
11510 0.282409 1436
11610 0.289295 1447
11710 0.296419 1482
11810 0.301337 1467
11910 0.303527 1477
12010 0.316031 1516
12110 0.320731 1530
12210 0.320562 1531
12310 0.331335 1561
12410 0.327378 1545
12510 0.338317 1564
12610 0.342179 1573
12710 0.345421 1588
12810 0.358572 1647
12910 0.358582 1623
13010 0.354139 1592
13110 0.37243 1642
13210 0.367642 1648
13310 0.377025 1654
13410 0.379829 1665
13510 0.387368 1689
13610 0.400894 1727
13710 0.394164 1691
13810 0.404658 1716
13910 0.408327 1709
14010 0.417909 1755
14110 0.427002 1776
14210 0.429977 1786
14310 0.436269 1774
14410 0.445647 1810
14510 0.452182 1845
14610 0.453344 1826
14710 0.474669 1857
14810 0.462693 1841
14910 0.466382 1845
15010 0.47135 1857
15110 0.485252 1891
15210 0.515724 1903
15310 0.514935 1924
15410 0.521454 1909
15510 0.509848 1932
15610 0.539302 1969
15710 0.542278 1956
15810 0.553609 2003
15910 0.548544 1998
16010 0.568661 2023
16110 0.556488 2034
16210 0.571818 1994
16310 0.568423 2010
16410 0.575774 2030
16510 0.590017 2042
16610 0.576006 2078
16710 0.597052 2124
16810 0.596916 2108
16910 0.60775 2129
17010 0.601013 2105
17110 0.610968 2128
17210 0.634021 2156
17310 0.635291 2148
17410 0.649371 2187
17510 0.641755 2183
17610 0.643454 2208
17710 0.65346 2201
17810 0.673995 2213
17910 0.673338 2238
18010 0.683279 2275
18110 0.703617 2231
18210 0.694944 2267
18310 0.703761 2303
18410 0.716393 2319
18510 0.718455 2330
18610 0.744325 2290
18710 0.76033 2328
18810 0.774171 2355
18910 0.780775 2380
19010 0.760999 2362
19110 0.783981 2408
19210 0.776561 2386
19310 0.790181 2383
19410 0.786523 2409
19510 0.815951 2438
19610 0.837019 2430
19710 0.842622 2453
19810 0.835681 2469
19910 0.827371 2461
20010 0.849329 2531
20110 0.863103 2491
20210 0.892126 2550
20310 0.888232 2535
20410 0.910573 2508
20510 0.895266 2567
20610 0.929433 2587
20710 0.932483 2603
20810 0.914555 2615
20910 0.913893 2598
21010 0.932194 2642
21110 0.954141 2644
21210 0.961812 2649
21310 0.95905 2647
21410 0.963182 2708
21510 0.947122 2662
21610 0.96824 2697
21710 0.987571 2681
21810 0.982116 2717
21910 1.02054 2739
22010 1.04395 2764
22110 1.00927 2731
22210 1.02473 2818
22310 1.04473 2801
22410 1.02619 2774
22510 1.03875 2791
22610 1.04799 2822
22710 1.08818 2873
22810 1.07246 2856
22910 1.08723 2871
23010 1.10703 2846
23110 1.15088 2930
23210 1.1298 2875
23310 1.15379 2944
23410 1.20016 2922
23510 1.1675 2961
23610 1.15403 2965
23710 1.14712 2942
23810 1.16157 2947
23910 1.21415 2987
24010 1.23433 3036
24110 1.25165 2987
24210 1.23593 3011
24310 1.28642 3055
24410 1.25714 3070
24510 1.23712 3036
24610 1.3032 3068
24710 1.30196 3076
24810 1.31739 3108
24910 1.32791 3100
25010 1.33908 3122
25110 1.32496 3103
25210 1.32134 3126
25310 1.35993 3145
25410 1.3627 3185
25510 1.38849 3231
25610 1.34904 3195
25710 1.41708 3213
25810 1.41205 3212
25910 1.47909 3281
26010 1.43151 3253
26110 1.44441 3255
26210 1.43759 3269
26310 1.50108 3320
26410 1.47303 3346
26510 1.48856 3306
26610 1.50616 3313
26710 1.46793 3351
26810 1.46081 3346
26910 1.46976 3351
27010 1.47658 3394
27110 1.53803 3385
27210 1.5378 3423
27310 1.51762 3420
27410 1.52497 3439
27510 1.60717 3482
27610 1.60599 3462
27710 1.61887 3434
27810 1.55906 3480
27910 1.58593 3521
28010 1.57759 3489
28110 1.64494 3537
28210 1.65672 3532
28310 1.65643 3510
28410 1.69207 3540
28510 1.66889 3546
28610 1.7378 3598
28710 1.71392 3557
28810 1.69205 3594
28910 1.68186 3636
29010 1.67607 3607
29110 1.71024 3686
29210 1.72025 3650
29310 1.78567 3668
29410 1.72391 3688
29510 1.79515 3678
29610 1.75019 3706
29710 1.75599 3670
29810 1.772 3710
29910 1.77472 3747
30010 1.79419 3796
30110 1.81022 3793
30210 1.8526 3737
30310 1.82073 3775
30410 1.84902 3750
30510 1.87539 3835
30610 1.87809 3859
30710 1.88377 3832
30810 1.87776 3868
30910 1.91155 3912
31010 1.90137 3893
31110 1.99868 3883
31210 2.02704 3895
31310 2.01323 3903
31410 1.98469 3914
31510 2.03884 3968
31610 2.00306 3909
31710 2.0721 3996
31810 2.02885 3965
31910 2.05775 3979
32010 2.07693 4019
32110 2.05028 4065
32210 2.0044 4069
32310 1.99728 3985
32410 2.03538 4057
32510 2.08696 3982
32610 2.08727 4071
32710 2.10445 4126
32810 2.12454 4167
32910 2.19226 4106
33010 2.17094 4148
33110 2.18453 4124
33210 2.1505 4138
33310 2.10414 4151
33410 2.18499 4191
33510 2.11731 4166
33610 2.20893 4173
33710 2.26136 4198
33810 2.35293 4266
33910 2.34449 4294
34010 2.27587 4221
34110 2.2844 4260
34210 2.25034 4265
34310 2.35814 4280
34410 2.41942 4302
34510 2.34651 4341
34610 2.3375 4308
34710 2.35188 4379
34810 2.30344 4340
34910 2.39016 4337
35010 2.32892 4378
35110 2.45253 4411
35210 2.44212 4422
35310 2.44912 4413
35410 2.41058 4427
35510 2.43904 4454
35610 2.40893 4460
35710 2.43019 4462
35810 2.46483 4507
35910 2.43919 4510
36010 2.49042 4534
36110 2.47115 4590
36210 2.45257 4559
36310 2.47896 4556
36410 2.47945 4494
36510 2.59394 4599
36610 2.59156 4632
36710 2.5448 4605
36810 2.62805 4655
36910 2.56453 4599
37010 2.55848 4659
37110 2.55722 4583
37210 2.65471 4700
37310 2.69839 4681
37410 2.65694 4682
37510 2.69773 4728
37610 2.756 4667
37710 2.6631 4703
37810 2.74952 4752
37910 2.80009 4741
38010 2.76256 4735
38110 2.82203 4761
38210 2.80951 4819
38310 2.8192 4762
38410 2.8236 4778
38510 2.81997 4811
38610 2.84616 4804
38710 2.84351 4856
38810 2.84667 4826
38910 2.93559 4843
39010 2.81401 4862
39110 2.83051 4888
39210 2.85211 4898
39310 2.9105 4917
39410 2.91846 4917
39510 3.06456 4986
39610 3.02101 4918
39710 2.92834 4971
39810 2.91403 4914
39910 2.98602 4958
40010 2.95903 4986
40110 2.98358 5025
40210 3.02951 5002
40310 3.0726 5036
40410 3.11876 5099
40510 3.20004 5100
40610 3.08809 5025
40710 3.18965 5105
40810 3.05303 5112
40910 3.14468 5136
41010 3.20077 5103
41110 3.16729 5176
41210 3.15831 5175
41310 3.18203 5174
41410 3.21467 5131
41510 3.26855 5220
41610 3.21885 5168
41710 3.28072 5196
41810 3.29173 5241
41910 3.29447 5242
42010 3.33633 5266
42110 3.3782 5273
42210 3.34672 5255
42310 3.34102 5291
42410 3.36277 5292
42510 3.29846 5287
42610 3.32944 5291
42710 3.38776 5354
42810 3.38018 5356
42910 3.47592 5353
43010 3.54657 5407
43110 3.50799 5398
43210 3.40163 5369
43310 3.4745 5409
43410 3.47609 5458
43510 3.49068 5465
43610 3.55493 5486
43710 3.58168 5474
43810 3.60331 5470
43910 3.64371 5503
44010 3.63985 5531
44110 3.62269 5474
44210 3.63809 5490
44310 3.69887 5565
44410 3.71285 5584
44510 3.74583 5542
44610 3.76551 5611
44710 3.65776 5540
44810 3.72954 5603
44910 3.77265 5562
45010 3.80779 5633
45110 3.79835 5622
45210 3.83587 5667
45310 3.80783 5679
45410 3.89271 5663
45510 3.9321 5674
45610 3.8863 5724
45710 3.92615 5697
45810 3.92029 5745
45910 3.95206 5727
46010 3.98483 5741
46110 3.96632 5729
46210 4.02826 5810
46310 4.00338 5797
46410 4.01524 5763
46510 4.04722 5827
46610 4.08405 5837
46710 4.03072 5785
46810 4.1083 5823
46910 4.04597 5848
47010 4.21175 5859
47110 4.14939 5880
47210 4.17166 5932
47310 4.17422 5912
47410 4.19766 5878
47510 4.14298 5952
47610 4.19955 5937
47710 4.28223 5984
47810 4.34378 5977
47910 4.3304 6049
48010 4.35119 6010
48110 4.33896 5983
48210 4.31898 6054
48310 4.31714 6025
48410 4.39736 6048
48510 4.37971 6077
48610 4.39169 6017
48710 4.49266 6067
48810 4.51976 6064
48910 4.57387 6123
49010 4.5072 6144
49110 4.49086 6122
49210 4.54872 6148
49310 4.61927 6111
49410 4.66809 6191
49510 4.6412 6165
49610 4.75732 6175
49710 4.60117 6224
49810 4.63896 6235
49910 4.65043 6273
50010 4.54734 6228
50110 4.55125 6179
50210 4.75638 6258
50310 4.7348 6312
50410 4.7144 6315
50510 4.65145 6311
50610 4.84329 6319
50710 4.95476 6393
50810 4.68948 6340
50910 4.73945 6361
51010 4.77886 6375
51110 4.80096 6404
51210 4.85477 6378
51310 4.9986 6404
51410 4.90711 6403
51510 4.95968 6436
51610 5.00167 6439
51710 5.10842 6459
51810 4.98361 6406
51910 4.8941 6427
52010 5.04576 6514
52110 5.1309 6522
52210 5.049 6498
52310 5.1054 6564
52410 5.1756 6513
52510 5.18355 6558
52610 5.29755 6581
52710 5.24267 6597
52810 5.18065 6599
52910 5.21612 6598
53010 5.24746 6602
53110 5.24805 6697
53210 5.29164 6668
53310 5.3533 6690
53410 5.49168 6747
53510 5.39175 6651
53610 5.37184 6675
53710 5.49809 6700
53810 5.50969 6710
53910 5.36879 6704
54010 5.44491 6747
54110 5.52422 6802
54210 5.60434 6822
54310 5.58745 6804
54410 5.45665 6794
54510 5.52494 6828
54610 5.61442 6886
54710 5.61438 6858
54810 5.6061 6881
54910 5.67744 6892
55010 5.7111 6817
55110 5.71955 6858
55210 5.70746 6874
55310 5.7283 6958
55410 5.655 6926
55510 5.76146 6953
55610 5.63804 6959
55710 5.67973 6968
55810 5.7923 7019
55910 5.76699 7047
56010 5.76982 7074
56110 5.75046 7035
56210 5.8167 7014
56310 5.85867 7024
56410 6.13276 7053
56510 5.9404 7045
56610 5.91301 7105
56710 5.85265 7077
56810 5.80054 7077
56910 5.84229 7115
57010 5.88994 7156
57110 5.87586 7144
57210 5.9002 7134
57310 5.88357 7133
57410 5.95553 7164
57510 5.99199 7206
57610 5.94565 7096
57710 6.03608 7209
57810 6.08408 7282
57910 6.09147 7315
58010 6.04302 7213
58110 6.05753 7212
58210 6.10221 7259
58310 6.15974 7339
58410 6.15433 7290
58510 6.13245 7242
58610 6.22064 7355
58710 6.25225 7390
58810 6.2184 7300
58910 6.24678 7349
59010 6.28019 7387
59110 6.32115 7382
59210 6.35669 7409
59310 6.33135 7386
59410 6.43356 7502
59510 6.34116 7387
59610 6.36429 7399
59710 6.42995 7473
59810 6.45047 7519
59910 6.45761 7466
60010 6.47259 7499
60110 6.48693 7520
60210 6.53266 7519
60310 6.51487 7482
60410 6.57746 7509
60510 6.58099 7568
60610 6.59962 7539
60710 6.65678 7584
60810 6.6717 7589
60910 6.66248 7596
61010 6.77157 7678
61110 6.73119 7656
61210 6.73114 7611
61310 6.8172 7697
61410 6.82448 7701
61510 6.79664 7668
61610 6.86736 7730
61710 6.83862 7666
61810 6.87225 7717
61910 6.85945 7668
62010 6.89219 7730
62110 6.9467 7713
62210 6.95905 7772
62310 6.95341 7742
62410 6.99024 7785
62510 7.03637 7789
62610 7.08813 7845
62710 7.05626 7817
62810 7.13546 7893
62910 7.13607 7880
63010 7.14507 7882
63110 7.19359 7895
63210 7.20575 7905
63310 7.15655 7828
63410 7.25679 7918
63510 7.2382 7932
63610 7.26407 7907
63710 7.3682 7999
63810 7.35307 7996
63910 7.37779 8021
64010 7.39146 7984
64110 7.36248 7983
64210 7.3768 8029
64310 7.45044 8011
64410 7.47014 8088
64510 7.49218 8064
64610 7.51874 8085
64710 7.5537 8097
64810 7.55625 8097
64910 7.58194 8103
65010 7.58365 8103
65110 7.62277 8168
65210 7.69597 8185
65310 7.69745 8161
65410 7.72609 8221
65510 7.77961 8243
65610 7.75716 8207
65710 7.74362 8191
65810 7.78669 8225
65910 7.83051 8274
66010 7.81332 8214
66110 7.86278 8271
66210 7.88585 8296
66310 7.94093 8290
66410 7.85612 8222
66510 7.95021 8275
66610 7.95714 8327
66710 7.99489 8343
66810 8.06402 8372
66910 8.10994 8402
67010 8.10943 8403
67110 8.06396 8370
67210 8.12927 8379
67310 8.116 8411
67410 8.18439 8440
67510 8.20812 8431
67610 8.23717 8466
67710 8.24719 8488
67810 8.30546 8502
67910 8.30886 8464
68010 8.32138 8491
68110 8.35787 8541
68210 8.35288 8515
68310 8.40676 8555
68410 8.43775 8620
68510 8.4495 8558
68610 8.41493 8500
68710 8.54412 8634
68810 8.49013 8626
68910 8.56827 8592
69010 8.56543 8626
69110 8.62983 8680
69210 8.54594 8587
69310 8.62249 8677
69410 8.60675 8606
69510 8.68848 8689
69610 8.6805 8635
69710 8.75026 8738
69810 8.71856 8668
69910 8.74487 8692
70010 8.8407 8783
70110 8.83076 8743
70210 8.871 8817
70310 8.83453 8757
70410 8.88075 8732
70510 8.93191 8837
70610 8.91209 8794
70710 8.92312 8792
70810 8.98928 8787
70910 9.03574 8889
71010 9.10659 8873
71110 9.05413 8850
71210 9.10533 8907
71310 9.12009 8939
71410 9.03996 8818
71510 9.21113 8991
71610 9.26595 8990
71710 9.24664 9010
71810 9.22648 8969
71910 9.33099 9030
72010 9.31944 9023
72110 9.3596 9022
72210 9.35522 8984
72310 9.45279 9097
72410 9.43556 9075
72510 9.44329 9046
72610 9.41491 9035
72710 9.44098 9052
72810 9.55281 9146
72910 9.51909 9094
73010 9.55151 9058
73110 9.56299 9104
73210 9.70968 9218
73310 9.58659 9167
73410 9.66387 9159
73510 9.6891 9175
73610 9.69608 9213
73710 9.82109 9217
73810 9.74672 9212
73910 9.71995 9178
74010 9.84197 9257
74110 9.89482 9319
74210 9.88576 9253
74310 9.97153 9329
74410 9.86959 9242
74510 9.99558 9334
74610 10.0122 9376
74710 10.0534 9388
74810 10.0325 9305
74910 10.0612 9369
75010 10.142 9461
75110 10.1129 9412
75210 10.1349 9400
75310 10.1564 9393
75410 10.3147 9491
75510 10.2902 9451
75610 10.3011 9496
75710 10.2533 9411
75810 10.3564 9507
75910 10.2723 9453
76010 10.4202 9542
76110 10.426 9550
76210 10.407 9532
76310 10.4348 9545
76410 10.4308 9512
76510 10.4919 9561
76610 10.5381 9607
76710 10.5309 9587
76810 10.5178 9580
76910 10.5904 9613
77010 10.7014 9683
77110 10.6583 9651
77210 10.6919 9660
77310 10.7486 9689
77410 10.7024 9658
77510 10.7627 9621
77610 10.7965 9716
77710 10.8593 9758
77810 10.8622 9759
77910 10.8788 9774
78010 10.9018 9758
78110 11.0558 9827
78210 10.9764 9803
78310 11.044 9794
78410 11.0397 9794
78510 11.0677 9801
78610 11.0567 9864
78710 11.1291 9859
78810 11.1251 9867
78910 11.1801 9846
79010 11.2303 9879
79110 11.211 9852
79210 11.1913 9836
79310 11.2295 9864
79410 11.291 9901
79510 11.359 9946
79610 11.3877 9944
79710 11.3594 9985
79810 11.4217 9945
79910 11.5206 10022
80010 11.4004 9967
80110 11.5341 10026
80210 11.5172 10051
80310 11.5181 10000
80410 11.6031 10059
80510 11.6594 10123
80610 11.5932 10026
80710 11.6543 10115
80810 11.724 10060
80910 11.6814 10061
81010 11.7409 10131
81110 11.7824 10148
81210 11.765 10110
81310 11.8727 10198
81410 11.8186 10093
81510 11.9749 10268
81610 11.9581 10228
81710 12.0432 10313
81810 11.9982 10219
81910 11.9711 10197
82010 12.1017 10278
82110 12.1077 10277
82210 12.0591 10177
82310 12.1668 10337
82410 12.192 10289
82510 12.2303 10333
82610 12.2104 10287
82710 12.2544 10377
82810 12.2411 10365
82910 12.4082 10445
83010 12.3244 10359
83110 12.4154 10408
83210 12.2821 10323
83310 12.454 10458
83410 12.4999 10460
83510 12.4166 10416
83610 12.5193 10476
83710 12.4949 10448
83810 12.5241 10419
83910 12.7015 10503
84010 12.6508 10492
84110 12.5284 10426
84210 12.7675 10587
84310 12.6508 10458
84410 12.7183 10487
84510 12.7526 10515
84610 12.7833 10526
84710 12.9012 10583
84810 12.9145 10608
84910 12.8775 10574
85010 12.8533 10553
85110 12.9998 10637
85210 13.02 10668
85310 13.0356 10637
85410 13.1386 10728
85510 13.147 10741
85610 13.1128 10660
85710 13.1974 10758
85810 13.1923 10715
85910 13.2986 10800
86010 13.2181 10698
86110 13.2709 10751
86210 13.3273 10768
86310 13.3785 10810
86410 13.3408 10816
86510 13.4457 10852
86610 13.4876 10852
86710 13.5542 10870
86810 13.4775 10797
86910 13.5086 10849
87010 13.5706 10888
87110 13.6509 10911
87210 13.6139 10861
87310 13.6634 10921
87410 13.739 10962
87510 13.7592 10941
87610 13.719 10936
87710 13.8464 10978
87810 13.8044 10999
87910 13.7617 10939
88010 13.8376 10955
88110 13.8766 11000
88210 13.909 11016
88310 13.8405 10963
88410 14.0053 11091
88510 14.0321 11092
88610 14.0791 11129
88710 14.1635 11158
88810 14.0793 11068
88910 14.0814 11079
89010 14.1445 11100
89110 14.2346 11156
89210 14.2289 11156
89310 14.2915 11181
89410 14.3126 11173
89510 14.2893 11148
89610 14.3902 11181
89710 14.4171 11257
89810 14.5342 11318
89910 14.3718 11099
90010 14.4612 11187
90110 14.4812 11228
90210 14.5277 11275
90310 14.509 11189
90410 14.663 11300
90510 14.6328 11306
90610 14.6409 11318
90710 14.6787 11301
90810 14.7671 11349
90910 14.7885 11324
91010 14.8109 11378
91110 14.862 11414
91210 14.9947 11471
91310 14.9399 11432
91410 15.0997 11547
91510 14.8929 11402
91610 15.0777 11504
91710 15.0109 11470
91810 15.1687 11536
91910 15.0954 11425
92010 15.1296 11485
92110 15.219 11532
92210 15.2325 11535
92310 15.2384 11535
92410 15.2377 11511
92510 15.3789 11606
92610 15.4281 11613
92710 15.2752 11515
92810 15.4427 11582
92910 15.4638 11615
93010 15.4232 11605
93110 15.5968 11646
93210 15.5083 11628
93310 15.4942 11621
93410 15.6561 11729
93510 15.6236 11722
93610 15.5754 11681
93710 15.702 11748
93810 15.7281 11694
93910 15.754 11769
